(kicad_pcb (version 20171130) (host pcbnew "(5.0.0)")

  (general
    (thickness 1.6)
    (drawings 16)
    (tracks 90)
    (zones 0)
    (modules 32)
    (nets 26)
  )

  (page A4)
  (layers
    (0 F.Cu signal)
    (31 B.Cu signal)
    (32 B.Adhes user)
    (33 F.Adhes user)
    (34 B.Paste user)
    (35 F.Paste user)
    (36 B.SilkS user)
    (37 F.SilkS user)
    (38 B.Mask user)
    (39 F.Mask user)
    (40 Dwgs.User user)
    (41 Cmts.User user)
    (42 Eco1.User user)
    (43 Eco2.User user)
    (44 Edge.Cuts user)
    (45 Margin user)
    (46 B.CrtYd user)
    (47 F.CrtYd user)
    (48 B.Fab user)
    (49 F.Fab user)
  )

  (setup
    (last_trace_width 0.3048)
    (user_trace_width 0.2032)
    (user_trace_width 0.3048)
    (user_trace_width 0.381)
    (trace_clearance 0.1524)
    (zone_clearance 0.508)
    (zone_45_only no)
    (trace_min 0.2)
    (segment_width 0.2)
    (edge_width 0.2)
    (via_size 0.762)
    (via_drill 0.381)
    (via_min_size 0.4)
    (via_min_drill 0.3)
    (uvia_size 0.3)
    (uvia_drill 0.1)
    (uvias_allowed no)
    (uvia_min_size 0.2)
    (uvia_min_drill 0.1)
    (pcb_text_width 0.3)
    (pcb_text_size 1.5 1.5)
    (mod_edge_width 0.15)
    (mod_text_size 1 1)
    (mod_text_width 0.15)
    (pad_size 1.524 1.524)
    (pad_drill 0.762)
    (pad_to_mask_clearance 0.051)
    (solder_mask_min_width 0.25)
    (aux_axis_origin 0 0)
    (visible_elements 7FFFFFFF)
    (pcbplotparams
      (layerselection 0x010fc_ffffffff)
      (usegerberextensions false)
      (usegerberattributes true)
      (usegerberadvancedattributes false)
      (creategerberjobfile false)
      (excludeedgelayer true)
      (linewidth 0.100000)
      (plotframeref false)
      (viasonmask false)
      (mode 1)
      (useauxorigin false)
      (hpglpennumber 1)
      (hpglpenspeed 20)
      (hpglpendiameter 15.000000)
      (psnegative false)
      (psa4output false)
      (plotreference true)
      (plotvalue true)
      (plotinvisibletext false)
      (padsonsilk false)
      (subtractmaskfromsilk false)
      (outputformat 1)
      (mirror false)
      (drillshape 0)
      (scaleselection 1)
      (outputdirectory "../GerberFiles/Tester/"))
  )

  (net 0 "")
  (net 1 "Net-(1K1-Pad1)")
  (net 2 +BATT)
  (net 3 "Net-(1K1-Pad3)")
  (net 4 "Net-(1K2-Pad3)")
  (net 5 "Net-(1K2-Pad1)")
  (net 6 "Net-(1K3-Pad1)")
  (net 7 "Net-(1K3-Pad3)")
  (net 8 "Net-(1K4-Pad3)")
  (net 9 "Net-(1K4-Pad1)")
  (net 10 "Net-(1K5-Pad1)")
  (net 11 "Net-(1K5-Pad3)")
  (net 12 "Net-(1K6-Pad3)")
  (net 13 "Net-(1K6-Pad1)")
  (net 14 "Net-(1K7-Pad1)")
  (net 15 "Net-(1K7-Pad3)")
  (net 16 "Net-(1K8-Pad3)")
  (net 17 "Net-(1K8-Pad1)")
  (net 18 "Net-(1K9-Pad1)")
  (net 19 "Net-(1K10-Pad2)")
  (net 20 "Net-(1K10-Pad3)")
  (net 21 "Net-(1K10-Pad1)")
  (net 22 "Net-(1K11-Pad1)")
  (net 23 "Net-(1K11-Pad3)")
  (net 24 GND)
  (net 25 "Net-(1K12-Pad1)")

  (net_class Default "This is the default net class."
    (clearance 0.1524)
    (trace_width 0.3048)
    (via_dia 0.762)
    (via_drill 0.381)
    (uvia_dia 0.3)
    (uvia_drill 0.1)
    (add_net +BATT)
    (add_net GND)
    (add_net "Net-(1K1-Pad1)")
    (add_net "Net-(1K1-Pad3)")
    (add_net "Net-(1K10-Pad1)")
    (add_net "Net-(1K10-Pad2)")
    (add_net "Net-(1K10-Pad3)")
    (add_net "Net-(1K11-Pad1)")
    (add_net "Net-(1K11-Pad3)")
    (add_net "Net-(1K12-Pad1)")
    (add_net "Net-(1K2-Pad1)")
    (add_net "Net-(1K2-Pad3)")
    (add_net "Net-(1K3-Pad1)")
    (add_net "Net-(1K3-Pad3)")
    (add_net "Net-(1K4-Pad1)")
    (add_net "Net-(1K4-Pad3)")
    (add_net "Net-(1K5-Pad1)")
    (add_net "Net-(1K5-Pad3)")
    (add_net "Net-(1K6-Pad1)")
    (add_net "Net-(1K6-Pad3)")
    (add_net "Net-(1K7-Pad1)")
    (add_net "Net-(1K7-Pad3)")
    (add_net "Net-(1K8-Pad1)")
    (add_net "Net-(1K8-Pad3)")
    (add_net "Net-(1K9-Pad1)")
  )

  (module MountingHole:MountingHole_3mm (layer F.Cu) (tedit 5C565CB6) (tstamp 5C5661A5)
    (at 103 147)
    (descr "Mounting Hole 3mm, no annular")
    (tags "mounting hole 3mm no annular")
    (attr virtual)
    (fp_text reference REF** (at 0 -4) (layer F.SilkS) hide
      (effects (font (size 1 1) (thickness 0.15)))
    )
    (fp_text value MountingHole_3mm (at 0 4) (layer F.Fab)
      (effects (font (size 1 1) (thickness 0.15)))
    )
    (fp_circle (center 0 0) (end 3.25 0) (layer F.CrtYd) (width 0.05))
    (fp_circle (center 0 0) (end 3 0) (layer Cmts.User) (width 0.15))
    (fp_text user %R (at 0.3 0) (layer F.Fab)
      (effects (font (size 1 1) (thickness 0.15)))
    )
    (pad 1 np_thru_hole circle (at 0 0) (size 3 3) (drill 3) (layers *.Cu *.Mask))
  )

  (module MountingHole:MountingHole_3mm (layer F.Cu) (tedit 5C565CB6) (tstamp 5C566197)
    (at 147 147)
    (descr "Mounting Hole 3mm, no annular")
    (tags "mounting hole 3mm no annular")
    (attr virtual)
    (fp_text reference REF** (at 0 -4) (layer F.SilkS) hide
      (effects (font (size 1 1) (thickness 0.15)))
    )
    (fp_text value MountingHole_3mm (at 0 4) (layer F.Fab)
      (effects (font (size 1 1) (thickness 0.15)))
    )
    (fp_text user %R (at 0.3 0) (layer F.Fab)
      (effects (font (size 1 1) (thickness 0.15)))
    )
    (fp_circle (center 0 0) (end 3 0) (layer Cmts.User) (width 0.15))
    (fp_circle (center 0 0) (end 3.25 0) (layer F.CrtYd) (width 0.05))
    (pad 1 np_thru_hole circle (at 0 0) (size 3 3) (drill 3) (layers *.Cu *.Mask))
  )

  (module MountingHole:MountingHole_3mm (layer F.Cu) (tedit 5C565CB6) (tstamp 5C566180)
    (at 147 53)
    (descr "Mounting Hole 3mm, no annular")
    (tags "mounting hole 3mm no annular")
    (attr virtual)
    (fp_text reference REF** (at 0 -4) (layer F.SilkS) hide
      (effects (font (size 1 1) (thickness 0.15)))
    )
    (fp_text value MountingHole_3mm (at 0 4) (layer F.Fab)
      (effects (font (size 1 1) (thickness 0.15)))
    )
    (fp_text user %R (at 0.3 0) (layer F.Fab)
      (effects (font (size 1 1) (thickness 0.15)))
    )
    (fp_circle (center 0 0) (end 3 0) (layer Cmts.User) (width 0.15))
    (fp_circle (center 0 0) (end 3.25 0) (layer F.CrtYd) (width 0.05))
    (pad 1 np_thru_hole circle (at 0 0) (size 3 3) (drill 3) (layers *.Cu *.Mask))
  )

  (module Connectors_Molex:Molex_KK-6410-02_02x2.54mm_Straight (layer F.Cu) (tedit 58EE6EE4) (tstamp 5C55E9CF)
    (at 132.8965 63.828)
    (descr "Connector Headers with Friction Lock, 22-27-2021, http://www.molex.com/pdm_docs/sd/022272021_sd.pdf")
    (tags "connector molex kk_6410 22-27-2021")
    (path /5C561D48)
    (fp_text reference J2 (at 1 -4.5) (layer F.SilkS)
      (effects (font (size 1 1) (thickness 0.15)))
    )
    (fp_text value Conn_01x02_Male (at 1.27 4.5) (layer F.Fab)
      (effects (font (size 1 1) (thickness 0.15)))
    )
    (fp_text user %R (at 1.27 0) (layer F.Fab)
      (effects (font (size 1 1) (thickness 0.15)))
    )
    (fp_line (start 4.45 3.5) (end -1.9 3.5) (layer F.CrtYd) (width 0.05))
    (fp_line (start 4.45 -3.55) (end 4.45 3.5) (layer F.CrtYd) (width 0.05))
    (fp_line (start -1.9 -3.55) (end 4.45 -3.55) (layer F.CrtYd) (width 0.05))
    (fp_line (start -1.9 3.5) (end -1.9 -3.55) (layer F.CrtYd) (width 0.05))
    (fp_line (start 3.34 -2.4) (end 3.34 -3.02) (layer F.SilkS) (width 0.12))
    (fp_line (start 1.74 -2.4) (end 3.34 -2.4) (layer F.SilkS) (width 0.12))
    (fp_line (start 1.74 -3.02) (end 1.74 -2.4) (layer F.SilkS) (width 0.12))
    (fp_line (start 0.8 -2.4) (end 0.8 -3.02) (layer F.SilkS) (width 0.12))
    (fp_line (start -0.8 -2.4) (end 0.8 -2.4) (layer F.SilkS) (width 0.12))
    (fp_line (start -0.8 -3.02) (end -0.8 -2.4) (layer F.SilkS) (width 0.12))
    (fp_line (start 2.29 2.98) (end 2.29 1.98) (layer F.SilkS) (width 0.12))
    (fp_line (start 0.25 2.98) (end 0.25 1.98) (layer F.SilkS) (width 0.12))
    (fp_line (start 2.29 1.55) (end 2.54 1.98) (layer F.SilkS) (width 0.12))
    (fp_line (start 0.25 1.55) (end 2.29 1.55) (layer F.SilkS) (width 0.12))
    (fp_line (start 0 1.98) (end 0.25 1.55) (layer F.SilkS) (width 0.12))
    (fp_line (start 2.54 1.98) (end 2.54 2.98) (layer F.SilkS) (width 0.12))
    (fp_line (start 0 1.98) (end 2.54 1.98) (layer F.SilkS) (width 0.12))
    (fp_line (start 0 2.98) (end 0 1.98) (layer F.SilkS) (width 0.12))
    (fp_line (start 3.91 -3.02) (end -1.37 -3.02) (layer F.SilkS) (width 0.12))
    (fp_line (start 3.91 2.98) (end 3.91 -3.02) (layer F.SilkS) (width 0.12))
    (fp_line (start -1.37 2.98) (end 3.91 2.98) (layer F.SilkS) (width 0.12))
    (fp_line (start -1.37 -3.02) (end -1.37 2.98) (layer F.SilkS) (width 0.12))
    (fp_line (start 4.01 -3.12) (end -1.47 -3.12) (layer F.Fab) (width 0.12))
    (fp_line (start 4.01 3.08) (end 4.01 -3.12) (layer F.Fab) (width 0.12))
    (fp_line (start -1.47 3.08) (end 4.01 3.08) (layer F.Fab) (width 0.12))
    (fp_line (start -1.47 -3.12) (end -1.47 3.08) (layer F.Fab) (width 0.12))
    (pad 2 thru_hole oval (at 2.54 0) (size 2 2.6) (drill 1.2) (layers *.Cu *.Mask)
      (net 2 +BATT))
    (pad 1 thru_hole rect (at 0 0) (size 2 2.6) (drill 1.2) (layers *.Cu *.Mask)
      (net 24 GND))
    (model ${KISYS3DMOD}/Connectors_Molex.3dshapes/Molex_KK-6410-02_02x2.54mm_Straight.wrl
      (at (xyz 0 0 0))
      (scale (xyz 1 1 1))
      (rotate (xyz 0 0 0))
    )
  )

  (module Potentiometers:Potentiometer_Trimmer_Bourns_3296W (layer F.Cu) (tedit 58826ECB) (tstamp 5C52E671)
    (at 120.26 65.86)
    (descr "Spindle Trimmer Potentiometer, Bourns 3296W, https://www.bourns.com/pdfs/3296.pdf")
    (tags "Spindle Trimmer Potentiometer   Bourns 3296W")
    (path /5C4CFC58)
    (fp_text reference 1K1 (at -2.54 -3.66) (layer F.SilkS)
      (effects (font (size 1 1) (thickness 0.15)))
    )
    (fp_text value POT (at -2.54 3.67) (layer F.Fab)
      (effects (font (size 1 1) (thickness 0.15)))
    )
    (fp_arc (start 0.955 1.15) (end 0.955 2.305) (angle -182) (layer F.SilkS) (width 0.12))
    (fp_arc (start 0.955 1.15) (end -0.174 0.91) (angle -103) (layer F.SilkS) (width 0.12))
    (fp_circle (center 0.955 1.15) (end 2.05 1.15) (layer F.Fab) (width 0.1))
    (fp_line (start -7.305 -2.41) (end -7.305 2.42) (layer F.Fab) (width 0.1))
    (fp_line (start -7.305 2.42) (end 2.225 2.42) (layer F.Fab) (width 0.1))
    (fp_line (start 2.225 2.42) (end 2.225 -2.41) (layer F.Fab) (width 0.1))
    (fp_line (start 2.225 -2.41) (end -7.305 -2.41) (layer F.Fab) (width 0.1))
    (fp_line (start 1.786 0.454) (end 0.259 1.981) (layer F.Fab) (width 0.1))
    (fp_line (start 1.652 0.32) (end 0.125 1.847) (layer F.Fab) (width 0.1))
    (fp_line (start -7.365 -2.47) (end 2.285 -2.47) (layer F.SilkS) (width 0.12))
    (fp_line (start -7.365 2.481) (end 2.285 2.481) (layer F.SilkS) (width 0.12))
    (fp_line (start -7.365 -2.47) (end -7.365 2.481) (layer F.SilkS) (width 0.12))
    (fp_line (start 2.285 -2.47) (end 2.285 2.481) (layer F.SilkS) (width 0.12))
    (fp_line (start 1.831 0.416) (end 0.22 2.026) (layer F.SilkS) (width 0.12))
    (fp_line (start 1.691 0.275) (end 0.079 1.885) (layer F.SilkS) (width 0.12))
    (fp_line (start -7.6 -2.7) (end -7.6 2.7) (layer F.CrtYd) (width 0.05))
    (fp_line (start -7.6 2.7) (end 2.5 2.7) (layer F.CrtYd) (width 0.05))
    (fp_line (start 2.5 2.7) (end 2.5 -2.7) (layer F.CrtYd) (width 0.05))
    (fp_line (start 2.5 -2.7) (end -7.6 -2.7) (layer F.CrtYd) (width 0.05))
    (pad 1 thru_hole circle (at 0 0) (size 1.44 1.44) (drill 0.8) (layers *.Cu *.Mask)
      (net 1 "Net-(1K1-Pad1)"))
    (pad 2 thru_hole circle (at -2.54 0) (size 1.44 1.44) (drill 0.8) (layers *.Cu *.Mask)
      (net 2 +BATT))
    (pad 3 thru_hole circle (at -5.08 0) (size 1.44 1.44) (drill 0.8) (layers *.Cu *.Mask)
      (net 3 "Net-(1K1-Pad3)"))
    (model Potentiometers.3dshapes/Potentiometer_Trimmer_Bourns_3296W.wrl
      (at (xyz 0 0 0))
      (scale (xyz 1 1 1))
      (rotate (xyz 0 0 -90))
    )
  )

  (module Potentiometers:Potentiometer_Trimmer_Bourns_3296W (layer F.Cu) (tedit 58826ECB) (tstamp 5C52E68B)
    (at 120.26 72.21)
    (descr "Spindle Trimmer Potentiometer, Bourns 3296W, https://www.bourns.com/pdfs/3296.pdf")
    (tags "Spindle Trimmer Potentiometer   Bourns 3296W")
    (path /5C4CFCB3)
    (fp_text reference 1K2 (at -2.54 -3.66) (layer F.SilkS)
      (effects (font (size 1 1) (thickness 0.15)))
    )
    (fp_text value POT (at -2.54 3.67) (layer F.Fab)
      (effects (font (size 1 1) (thickness 0.15)))
    )
    (fp_line (start 2.5 -2.7) (end -7.6 -2.7) (layer F.CrtYd) (width 0.05))
    (fp_line (start 2.5 2.7) (end 2.5 -2.7) (layer F.CrtYd) (width 0.05))
    (fp_line (start -7.6 2.7) (end 2.5 2.7) (layer F.CrtYd) (width 0.05))
    (fp_line (start -7.6 -2.7) (end -7.6 2.7) (layer F.CrtYd) (width 0.05))
    (fp_line (start 1.691 0.275) (end 0.079 1.885) (layer F.SilkS) (width 0.12))
    (fp_line (start 1.831 0.416) (end 0.22 2.026) (layer F.SilkS) (width 0.12))
    (fp_line (start 2.285 -2.47) (end 2.285 2.481) (layer F.SilkS) (width 0.12))
    (fp_line (start -7.365 -2.47) (end -7.365 2.481) (layer F.SilkS) (width 0.12))
    (fp_line (start -7.365 2.481) (end 2.285 2.481) (layer F.SilkS) (width 0.12))
    (fp_line (start -7.365 -2.47) (end 2.285 -2.47) (layer F.SilkS) (width 0.12))
    (fp_line (start 1.652 0.32) (end 0.125 1.847) (layer F.Fab) (width 0.1))
    (fp_line (start 1.786 0.454) (end 0.259 1.981) (layer F.Fab) (width 0.1))
    (fp_line (start 2.225 -2.41) (end -7.305 -2.41) (layer F.Fab) (width 0.1))
    (fp_line (start 2.225 2.42) (end 2.225 -2.41) (layer F.Fab) (width 0.1))
    (fp_line (start -7.305 2.42) (end 2.225 2.42) (layer F.Fab) (width 0.1))
    (fp_line (start -7.305 -2.41) (end -7.305 2.42) (layer F.Fab) (width 0.1))
    (fp_circle (center 0.955 1.15) (end 2.05 1.15) (layer F.Fab) (width 0.1))
    (fp_arc (start 0.955 1.15) (end -0.174 0.91) (angle -103) (layer F.SilkS) (width 0.12))
    (fp_arc (start 0.955 1.15) (end 0.955 2.305) (angle -182) (layer F.SilkS) (width 0.12))
    (pad 3 thru_hole circle (at -5.08 0) (size 1.44 1.44) (drill 0.8) (layers *.Cu *.Mask)
      (net 4 "Net-(1K2-Pad3)"))
    (pad 2 thru_hole circle (at -2.54 0) (size 1.44 1.44) (drill 0.8) (layers *.Cu *.Mask)
      (net 3 "Net-(1K1-Pad3)"))
    (pad 1 thru_hole circle (at 0 0) (size 1.44 1.44) (drill 0.8) (layers *.Cu *.Mask)
      (net 5 "Net-(1K2-Pad1)"))
    (model Potentiometers.3dshapes/Potentiometer_Trimmer_Bourns_3296W.wrl
      (at (xyz 0 0 0))
      (scale (xyz 1 1 1))
      (rotate (xyz 0 0 -90))
    )
  )

  (module Potentiometers:Potentiometer_Trimmer_Bourns_3296W (layer F.Cu) (tedit 58826ECB) (tstamp 5C52E6A5)
    (at 120.26 78.56)
    (descr "Spindle Trimmer Potentiometer, Bourns 3296W, https://www.bourns.com/pdfs/3296.pdf")
    (tags "Spindle Trimmer Potentiometer   Bourns 3296W")
    (path /5C4CFEFE)
    (fp_text reference 1K3 (at -2.54 -3.66) (layer F.SilkS)
      (effects (font (size 1 1) (thickness 0.15)))
    )
    (fp_text value POT (at -2.54 3.67) (layer F.Fab)
      (effects (font (size 1 1) (thickness 0.15)))
    )
    (fp_arc (start 0.955 1.15) (end 0.955 2.305) (angle -182) (layer F.SilkS) (width 0.12))
    (fp_arc (start 0.955 1.15) (end -0.174 0.91) (angle -103) (layer F.SilkS) (width 0.12))
    (fp_circle (center 0.955 1.15) (end 2.05 1.15) (layer F.Fab) (width 0.1))
    (fp_line (start -7.305 -2.41) (end -7.305 2.42) (layer F.Fab) (width 0.1))
    (fp_line (start -7.305 2.42) (end 2.225 2.42) (layer F.Fab) (width 0.1))
    (fp_line (start 2.225 2.42) (end 2.225 -2.41) (layer F.Fab) (width 0.1))
    (fp_line (start 2.225 -2.41) (end -7.305 -2.41) (layer F.Fab) (width 0.1))
    (fp_line (start 1.786 0.454) (end 0.259 1.981) (layer F.Fab) (width 0.1))
    (fp_line (start 1.652 0.32) (end 0.125 1.847) (layer F.Fab) (width 0.1))
    (fp_line (start -7.365 -2.47) (end 2.285 -2.47) (layer F.SilkS) (width 0.12))
    (fp_line (start -7.365 2.481) (end 2.285 2.481) (layer F.SilkS) (width 0.12))
    (fp_line (start -7.365 -2.47) (end -7.365 2.481) (layer F.SilkS) (width 0.12))
    (fp_line (start 2.285 -2.47) (end 2.285 2.481) (layer F.SilkS) (width 0.12))
    (fp_line (start 1.831 0.416) (end 0.22 2.026) (layer F.SilkS) (width 0.12))
    (fp_line (start 1.691 0.275) (end 0.079 1.885) (layer F.SilkS) (width 0.12))
    (fp_line (start -7.6 -2.7) (end -7.6 2.7) (layer F.CrtYd) (width 0.05))
    (fp_line (start -7.6 2.7) (end 2.5 2.7) (layer F.CrtYd) (width 0.05))
    (fp_line (start 2.5 2.7) (end 2.5 -2.7) (layer F.CrtYd) (width 0.05))
    (fp_line (start 2.5 -2.7) (end -7.6 -2.7) (layer F.CrtYd) (width 0.05))
    (pad 1 thru_hole circle (at 0 0) (size 1.44 1.44) (drill 0.8) (layers *.Cu *.Mask)
      (net 6 "Net-(1K3-Pad1)"))
    (pad 2 thru_hole circle (at -2.54 0) (size 1.44 1.44) (drill 0.8) (layers *.Cu *.Mask)
      (net 4 "Net-(1K2-Pad3)"))
    (pad 3 thru_hole circle (at -5.08 0) (size 1.44 1.44) (drill 0.8) (layers *.Cu *.Mask)
      (net 7 "Net-(1K3-Pad3)"))
    (model Potentiometers.3dshapes/Potentiometer_Trimmer_Bourns_3296W.wrl
      (at (xyz 0 0 0))
      (scale (xyz 1 1 1))
      (rotate (xyz 0 0 -90))
    )
  )

  (module Potentiometers:Potentiometer_Trimmer_Bourns_3296W (layer F.Cu) (tedit 58826ECB) (tstamp 5C52E6BF)
    (at 120.26 84.91)
    (descr "Spindle Trimmer Potentiometer, Bourns 3296W, https://www.bourns.com/pdfs/3296.pdf")
    (tags "Spindle Trimmer Potentiometer   Bourns 3296W")
    (path /5C4CFF05)
    (fp_text reference 1K4 (at -2.54 -3.66) (layer F.SilkS)
      (effects (font (size 1 1) (thickness 0.15)))
    )
    (fp_text value POT (at -2.54 3.67) (layer F.Fab)
      (effects (font (size 1 1) (thickness 0.15)))
    )
    (fp_line (start 2.5 -2.7) (end -7.6 -2.7) (layer F.CrtYd) (width 0.05))
    (fp_line (start 2.5 2.7) (end 2.5 -2.7) (layer F.CrtYd) (width 0.05))
    (fp_line (start -7.6 2.7) (end 2.5 2.7) (layer F.CrtYd) (width 0.05))
    (fp_line (start -7.6 -2.7) (end -7.6 2.7) (layer F.CrtYd) (width 0.05))
    (fp_line (start 1.691 0.275) (end 0.079 1.885) (layer F.SilkS) (width 0.12))
    (fp_line (start 1.831 0.416) (end 0.22 2.026) (layer F.SilkS) (width 0.12))
    (fp_line (start 2.285 -2.47) (end 2.285 2.481) (layer F.SilkS) (width 0.12))
    (fp_line (start -7.365 -2.47) (end -7.365 2.481) (layer F.SilkS) (width 0.12))
    (fp_line (start -7.365 2.481) (end 2.285 2.481) (layer F.SilkS) (width 0.12))
    (fp_line (start -7.365 -2.47) (end 2.285 -2.47) (layer F.SilkS) (width 0.12))
    (fp_line (start 1.652 0.32) (end 0.125 1.847) (layer F.Fab) (width 0.1))
    (fp_line (start 1.786 0.454) (end 0.259 1.981) (layer F.Fab) (width 0.1))
    (fp_line (start 2.225 -2.41) (end -7.305 -2.41) (layer F.Fab) (width 0.1))
    (fp_line (start 2.225 2.42) (end 2.225 -2.41) (layer F.Fab) (width 0.1))
    (fp_line (start -7.305 2.42) (end 2.225 2.42) (layer F.Fab) (width 0.1))
    (fp_line (start -7.305 -2.41) (end -7.305 2.42) (layer F.Fab) (width 0.1))
    (fp_circle (center 0.955 1.15) (end 2.05 1.15) (layer F.Fab) (width 0.1))
    (fp_arc (start 0.955 1.15) (end -0.174 0.91) (angle -103) (layer F.SilkS) (width 0.12))
    (fp_arc (start 0.955 1.15) (end 0.955 2.305) (angle -182) (layer F.SilkS) (width 0.12))
    (pad 3 thru_hole circle (at -5.08 0) (size 1.44 1.44) (drill 0.8) (layers *.Cu *.Mask)
      (net 8 "Net-(1K4-Pad3)"))
    (pad 2 thru_hole circle (at -2.54 0) (size 1.44 1.44) (drill 0.8) (layers *.Cu *.Mask)
      (net 7 "Net-(1K3-Pad3)"))
    (pad 1 thru_hole circle (at 0 0) (size 1.44 1.44) (drill 0.8) (layers *.Cu *.Mask)
      (net 9 "Net-(1K4-Pad1)"))
    (model Potentiometers.3dshapes/Potentiometer_Trimmer_Bourns_3296W.wrl
      (at (xyz 0 0 0))
      (scale (xyz 1 1 1))
      (rotate (xyz 0 0 -90))
    )
  )

  (module Potentiometers:Potentiometer_Trimmer_Bourns_3296W (layer F.Cu) (tedit 58826ECB) (tstamp 5C52E6D9)
    (at 120.26 91.26)
    (descr "Spindle Trimmer Potentiometer, Bourns 3296W, https://www.bourns.com/pdfs/3296.pdf")
    (tags "Spindle Trimmer Potentiometer   Bourns 3296W")
    (path /5C4D02C8)
    (fp_text reference 1K5 (at -2.54 -3.66) (layer F.SilkS)
      (effects (font (size 1 1) (thickness 0.15)))
    )
    (fp_text value POT (at -2.54 3.67) (layer F.Fab)
      (effects (font (size 1 1) (thickness 0.15)))
    )
    (fp_arc (start 0.955 1.15) (end 0.955 2.305) (angle -182) (layer F.SilkS) (width 0.12))
    (fp_arc (start 0.955 1.15) (end -0.174 0.91) (angle -103) (layer F.SilkS) (width 0.12))
    (fp_circle (center 0.955 1.15) (end 2.05 1.15) (layer F.Fab) (width 0.1))
    (fp_line (start -7.305 -2.41) (end -7.305 2.42) (layer F.Fab) (width 0.1))
    (fp_line (start -7.305 2.42) (end 2.225 2.42) (layer F.Fab) (width 0.1))
    (fp_line (start 2.225 2.42) (end 2.225 -2.41) (layer F.Fab) (width 0.1))
    (fp_line (start 2.225 -2.41) (end -7.305 -2.41) (layer F.Fab) (width 0.1))
    (fp_line (start 1.786 0.454) (end 0.259 1.981) (layer F.Fab) (width 0.1))
    (fp_line (start 1.652 0.32) (end 0.125 1.847) (layer F.Fab) (width 0.1))
    (fp_line (start -7.365 -2.47) (end 2.285 -2.47) (layer F.SilkS) (width 0.12))
    (fp_line (start -7.365 2.481) (end 2.285 2.481) (layer F.SilkS) (width 0.12))
    (fp_line (start -7.365 -2.47) (end -7.365 2.481) (layer F.SilkS) (width 0.12))
    (fp_line (start 2.285 -2.47) (end 2.285 2.481) (layer F.SilkS) (width 0.12))
    (fp_line (start 1.831 0.416) (end 0.22 2.026) (layer F.SilkS) (width 0.12))
    (fp_line (start 1.691 0.275) (end 0.079 1.885) (layer F.SilkS) (width 0.12))
    (fp_line (start -7.6 -2.7) (end -7.6 2.7) (layer F.CrtYd) (width 0.05))
    (fp_line (start -7.6 2.7) (end 2.5 2.7) (layer F.CrtYd) (width 0.05))
    (fp_line (start 2.5 2.7) (end 2.5 -2.7) (layer F.CrtYd) (width 0.05))
    (fp_line (start 2.5 -2.7) (end -7.6 -2.7) (layer F.CrtYd) (width 0.05))
    (pad 1 thru_hole circle (at 0 0) (size 1.44 1.44) (drill 0.8) (layers *.Cu *.Mask)
      (net 10 "Net-(1K5-Pad1)"))
    (pad 2 thru_hole circle (at -2.54 0) (size 1.44 1.44) (drill 0.8) (layers *.Cu *.Mask)
      (net 8 "Net-(1K4-Pad3)"))
    (pad 3 thru_hole circle (at -5.08 0) (size 1.44 1.44) (drill 0.8) (layers *.Cu *.Mask)
      (net 11 "Net-(1K5-Pad3)"))
    (model Potentiometers.3dshapes/Potentiometer_Trimmer_Bourns_3296W.wrl
      (at (xyz 0 0 0))
      (scale (xyz 1 1 1))
      (rotate (xyz 0 0 -90))
    )
  )

  (module Potentiometers:Potentiometer_Trimmer_Bourns_3296W (layer F.Cu) (tedit 58826ECB) (tstamp 5C52E6F3)
    (at 120.26 97.61)
    (descr "Spindle Trimmer Potentiometer, Bourns 3296W, https://www.bourns.com/pdfs/3296.pdf")
    (tags "Spindle Trimmer Potentiometer   Bourns 3296W")
    (path /5C4D02CE)
    (fp_text reference 1K6 (at -2.54 -3.66) (layer F.SilkS)
      (effects (font (size 1 1) (thickness 0.15)))
    )
    (fp_text value POT (at -2.54 3.67) (layer F.Fab)
      (effects (font (size 1 1) (thickness 0.15)))
    )
    (fp_line (start 2.5 -2.7) (end -7.6 -2.7) (layer F.CrtYd) (width 0.05))
    (fp_line (start 2.5 2.7) (end 2.5 -2.7) (layer F.CrtYd) (width 0.05))
    (fp_line (start -7.6 2.7) (end 2.5 2.7) (layer F.CrtYd) (width 0.05))
    (fp_line (start -7.6 -2.7) (end -7.6 2.7) (layer F.CrtYd) (width 0.05))
    (fp_line (start 1.691 0.275) (end 0.079 1.885) (layer F.SilkS) (width 0.12))
    (fp_line (start 1.831 0.416) (end 0.22 2.026) (layer F.SilkS) (width 0.12))
    (fp_line (start 2.285 -2.47) (end 2.285 2.481) (layer F.SilkS) (width 0.12))
    (fp_line (start -7.365 -2.47) (end -7.365 2.481) (layer F.SilkS) (width 0.12))
    (fp_line (start -7.365 2.481) (end 2.285 2.481) (layer F.SilkS) (width 0.12))
    (fp_line (start -7.365 -2.47) (end 2.285 -2.47) (layer F.SilkS) (width 0.12))
    (fp_line (start 1.652 0.32) (end 0.125 1.847) (layer F.Fab) (width 0.1))
    (fp_line (start 1.786 0.454) (end 0.259 1.981) (layer F.Fab) (width 0.1))
    (fp_line (start 2.225 -2.41) (end -7.305 -2.41) (layer F.Fab) (width 0.1))
    (fp_line (start 2.225 2.42) (end 2.225 -2.41) (layer F.Fab) (width 0.1))
    (fp_line (start -7.305 2.42) (end 2.225 2.42) (layer F.Fab) (width 0.1))
    (fp_line (start -7.305 -2.41) (end -7.305 2.42) (layer F.Fab) (width 0.1))
    (fp_circle (center 0.955 1.15) (end 2.05 1.15) (layer F.Fab) (width 0.1))
    (fp_arc (start 0.955 1.15) (end -0.174 0.91) (angle -103) (layer F.SilkS) (width 0.12))
    (fp_arc (start 0.955 1.15) (end 0.955 2.305) (angle -182) (layer F.SilkS) (width 0.12))
    (pad 3 thru_hole circle (at -5.08 0) (size 1.44 1.44) (drill 0.8) (layers *.Cu *.Mask)
      (net 12 "Net-(1K6-Pad3)"))
    (pad 2 thru_hole circle (at -2.54 0) (size 1.44 1.44) (drill 0.8) (layers *.Cu *.Mask)
      (net 11 "Net-(1K5-Pad3)"))
    (pad 1 thru_hole circle (at 0 0) (size 1.44 1.44) (drill 0.8) (layers *.Cu *.Mask)
      (net 13 "Net-(1K6-Pad1)"))
    (model Potentiometers.3dshapes/Potentiometer_Trimmer_Bourns_3296W.wrl
      (at (xyz 0 0 0))
      (scale (xyz 1 1 1))
      (rotate (xyz 0 0 -90))
    )
  )

  (module Potentiometers:Potentiometer_Trimmer_Bourns_3296W (layer F.Cu) (tedit 58826ECB) (tstamp 5C52E70D)
    (at 120.26 103.96)
    (descr "Spindle Trimmer Potentiometer, Bourns 3296W, https://www.bourns.com/pdfs/3296.pdf")
    (tags "Spindle Trimmer Potentiometer   Bourns 3296W")
    (path /5C4D02D4)
    (fp_text reference 1K7 (at -2.54 -3.66) (layer F.SilkS)
      (effects (font (size 1 1) (thickness 0.15)))
    )
    (fp_text value POT (at -2.54 3.67) (layer F.Fab)
      (effects (font (size 1 1) (thickness 0.15)))
    )
    (fp_arc (start 0.955 1.15) (end 0.955 2.305) (angle -182) (layer F.SilkS) (width 0.12))
    (fp_arc (start 0.955 1.15) (end -0.174 0.91) (angle -103) (layer F.SilkS) (width 0.12))
    (fp_circle (center 0.955 1.15) (end 2.05 1.15) (layer F.Fab) (width 0.1))
    (fp_line (start -7.305 -2.41) (end -7.305 2.42) (layer F.Fab) (width 0.1))
    (fp_line (start -7.305 2.42) (end 2.225 2.42) (layer F.Fab) (width 0.1))
    (fp_line (start 2.225 2.42) (end 2.225 -2.41) (layer F.Fab) (width 0.1))
    (fp_line (start 2.225 -2.41) (end -7.305 -2.41) (layer F.Fab) (width 0.1))
    (fp_line (start 1.786 0.454) (end 0.259 1.981) (layer F.Fab) (width 0.1))
    (fp_line (start 1.652 0.32) (end 0.125 1.847) (layer F.Fab) (width 0.1))
    (fp_line (start -7.365 -2.47) (end 2.285 -2.47) (layer F.SilkS) (width 0.12))
    (fp_line (start -7.365 2.481) (end 2.285 2.481) (layer F.SilkS) (width 0.12))
    (fp_line (start -7.365 -2.47) (end -7.365 2.481) (layer F.SilkS) (width 0.12))
    (fp_line (start 2.285 -2.47) (end 2.285 2.481) (layer F.SilkS) (width 0.12))
    (fp_line (start 1.831 0.416) (end 0.22 2.026) (layer F.SilkS) (width 0.12))
    (fp_line (start 1.691 0.275) (end 0.079 1.885) (layer F.SilkS) (width 0.12))
    (fp_line (start -7.6 -2.7) (end -7.6 2.7) (layer F.CrtYd) (width 0.05))
    (fp_line (start -7.6 2.7) (end 2.5 2.7) (layer F.CrtYd) (width 0.05))
    (fp_line (start 2.5 2.7) (end 2.5 -2.7) (layer F.CrtYd) (width 0.05))
    (fp_line (start 2.5 -2.7) (end -7.6 -2.7) (layer F.CrtYd) (width 0.05))
    (pad 1 thru_hole circle (at 0 0) (size 1.44 1.44) (drill 0.8) (layers *.Cu *.Mask)
      (net 14 "Net-(1K7-Pad1)"))
    (pad 2 thru_hole circle (at -2.54 0) (size 1.44 1.44) (drill 0.8) (layers *.Cu *.Mask)
      (net 12 "Net-(1K6-Pad3)"))
    (pad 3 thru_hole circle (at -5.08 0) (size 1.44 1.44) (drill 0.8) (layers *.Cu *.Mask)
      (net 15 "Net-(1K7-Pad3)"))
    (model Potentiometers.3dshapes/Potentiometer_Trimmer_Bourns_3296W.wrl
      (at (xyz 0 0 0))
      (scale (xyz 1 1 1))
      (rotate (xyz 0 0 -90))
    )
  )

  (module Potentiometers:Potentiometer_Trimmer_Bourns_3296W (layer F.Cu) (tedit 58826ECB) (tstamp 5C52E727)
    (at 120.26 110.31)
    (descr "Spindle Trimmer Potentiometer, Bourns 3296W, https://www.bourns.com/pdfs/3296.pdf")
    (tags "Spindle Trimmer Potentiometer   Bourns 3296W")
    (path /5C4D02DA)
    (fp_text reference 1K8 (at -2.54 -3.66) (layer F.SilkS)
      (effects (font (size 1 1) (thickness 0.15)))
    )
    (fp_text value POT (at -2.54 3.67) (layer F.Fab)
      (effects (font (size 1 1) (thickness 0.15)))
    )
    (fp_line (start 2.5 -2.7) (end -7.6 -2.7) (layer F.CrtYd) (width 0.05))
    (fp_line (start 2.5 2.7) (end 2.5 -2.7) (layer F.CrtYd) (width 0.05))
    (fp_line (start -7.6 2.7) (end 2.5 2.7) (layer F.CrtYd) (width 0.05))
    (fp_line (start -7.6 -2.7) (end -7.6 2.7) (layer F.CrtYd) (width 0.05))
    (fp_line (start 1.691 0.275) (end 0.079 1.885) (layer F.SilkS) (width 0.12))
    (fp_line (start 1.831 0.416) (end 0.22 2.026) (layer F.SilkS) (width 0.12))
    (fp_line (start 2.285 -2.47) (end 2.285 2.481) (layer F.SilkS) (width 0.12))
    (fp_line (start -7.365 -2.47) (end -7.365 2.481) (layer F.SilkS) (width 0.12))
    (fp_line (start -7.365 2.481) (end 2.285 2.481) (layer F.SilkS) (width 0.12))
    (fp_line (start -7.365 -2.47) (end 2.285 -2.47) (layer F.SilkS) (width 0.12))
    (fp_line (start 1.652 0.32) (end 0.125 1.847) (layer F.Fab) (width 0.1))
    (fp_line (start 1.786 0.454) (end 0.259 1.981) (layer F.Fab) (width 0.1))
    (fp_line (start 2.225 -2.41) (end -7.305 -2.41) (layer F.Fab) (width 0.1))
    (fp_line (start 2.225 2.42) (end 2.225 -2.41) (layer F.Fab) (width 0.1))
    (fp_line (start -7.305 2.42) (end 2.225 2.42) (layer F.Fab) (width 0.1))
    (fp_line (start -7.305 -2.41) (end -7.305 2.42) (layer F.Fab) (width 0.1))
    (fp_circle (center 0.955 1.15) (end 2.05 1.15) (layer F.Fab) (width 0.1))
    (fp_arc (start 0.955 1.15) (end -0.174 0.91) (angle -103) (layer F.SilkS) (width 0.12))
    (fp_arc (start 0.955 1.15) (end 0.955 2.305) (angle -182) (layer F.SilkS) (width 0.12))
    (pad 3 thru_hole circle (at -5.08 0) (size 1.44 1.44) (drill 0.8) (layers *.Cu *.Mask)
      (net 16 "Net-(1K8-Pad3)"))
    (pad 2 thru_hole circle (at -2.54 0) (size 1.44 1.44) (drill 0.8) (layers *.Cu *.Mask)
      (net 15 "Net-(1K7-Pad3)"))
    (pad 1 thru_hole circle (at 0 0) (size 1.44 1.44) (drill 0.8) (layers *.Cu *.Mask)
      (net 17 "Net-(1K8-Pad1)"))
    (model Potentiometers.3dshapes/Potentiometer_Trimmer_Bourns_3296W.wrl
      (at (xyz 0 0 0))
      (scale (xyz 1 1 1))
      (rotate (xyz 0 0 -90))
    )
  )

  (module Potentiometers:Potentiometer_Trimmer_Bourns_3296W (layer F.Cu) (tedit 58826ECB) (tstamp 5C52E741)
    (at 120.26 116.66)
    (descr "Spindle Trimmer Potentiometer, Bourns 3296W, https://www.bourns.com/pdfs/3296.pdf")
    (tags "Spindle Trimmer Potentiometer   Bourns 3296W")
    (path /5C4D042C)
    (fp_text reference 1K9 (at -2.54 -3.66) (layer F.SilkS)
      (effects (font (size 1 1) (thickness 0.15)))
    )
    (fp_text value POT (at -2.54 3.67) (layer F.Fab)
      (effects (font (size 1 1) (thickness 0.15)))
    )
    (fp_arc (start 0.955 1.15) (end 0.955 2.305) (angle -182) (layer F.SilkS) (width 0.12))
    (fp_arc (start 0.955 1.15) (end -0.174 0.91) (angle -103) (layer F.SilkS) (width 0.12))
    (fp_circle (center 0.955 1.15) (end 2.05 1.15) (layer F.Fab) (width 0.1))
    (fp_line (start -7.305 -2.41) (end -7.305 2.42) (layer F.Fab) (width 0.1))
    (fp_line (start -7.305 2.42) (end 2.225 2.42) (layer F.Fab) (width 0.1))
    (fp_line (start 2.225 2.42) (end 2.225 -2.41) (layer F.Fab) (width 0.1))
    (fp_line (start 2.225 -2.41) (end -7.305 -2.41) (layer F.Fab) (width 0.1))
    (fp_line (start 1.786 0.454) (end 0.259 1.981) (layer F.Fab) (width 0.1))
    (fp_line (start 1.652 0.32) (end 0.125 1.847) (layer F.Fab) (width 0.1))
    (fp_line (start -7.365 -2.47) (end 2.285 -2.47) (layer F.SilkS) (width 0.12))
    (fp_line (start -7.365 2.481) (end 2.285 2.481) (layer F.SilkS) (width 0.12))
    (fp_line (start -7.365 -2.47) (end -7.365 2.481) (layer F.SilkS) (width 0.12))
    (fp_line (start 2.285 -2.47) (end 2.285 2.481) (layer F.SilkS) (width 0.12))
    (fp_line (start 1.831 0.416) (end 0.22 2.026) (layer F.SilkS) (width 0.12))
    (fp_line (start 1.691 0.275) (end 0.079 1.885) (layer F.SilkS) (width 0.12))
    (fp_line (start -7.6 -2.7) (end -7.6 2.7) (layer F.CrtYd) (width 0.05))
    (fp_line (start -7.6 2.7) (end 2.5 2.7) (layer F.CrtYd) (width 0.05))
    (fp_line (start 2.5 2.7) (end 2.5 -2.7) (layer F.CrtYd) (width 0.05))
    (fp_line (start 2.5 -2.7) (end -7.6 -2.7) (layer F.CrtYd) (width 0.05))
    (pad 1 thru_hole circle (at 0 0) (size 1.44 1.44) (drill 0.8) (layers *.Cu *.Mask)
      (net 18 "Net-(1K9-Pad1)"))
    (pad 2 thru_hole circle (at -2.54 0) (size 1.44 1.44) (drill 0.8) (layers *.Cu *.Mask)
      (net 16 "Net-(1K8-Pad3)"))
    (pad 3 thru_hole circle (at -5.08 0) (size 1.44 1.44) (drill 0.8) (layers *.Cu *.Mask)
      (net 19 "Net-(1K10-Pad2)"))
    (model Potentiometers.3dshapes/Potentiometer_Trimmer_Bourns_3296W.wrl
      (at (xyz 0 0 0))
      (scale (xyz 1 1 1))
      (rotate (xyz 0 0 -90))
    )
  )

  (module Potentiometers:Potentiometer_Trimmer_Bourns_3296W (layer F.Cu) (tedit 58826ECB) (tstamp 5C52E75B)
    (at 120.26 123.01)
    (descr "Spindle Trimmer Potentiometer, Bourns 3296W, https://www.bourns.com/pdfs/3296.pdf")
    (tags "Spindle Trimmer Potentiometer   Bourns 3296W")
    (path /5C4D0432)
    (fp_text reference 1K10 (at -2.54 -3.66) (layer F.SilkS)
      (effects (font (size 1 1) (thickness 0.15)))
    )
    (fp_text value POT (at -2.54 3.67) (layer F.Fab)
      (effects (font (size 1 1) (thickness 0.15)))
    )
    (fp_line (start 2.5 -2.7) (end -7.6 -2.7) (layer F.CrtYd) (width 0.05))
    (fp_line (start 2.5 2.7) (end 2.5 -2.7) (layer F.CrtYd) (width 0.05))
    (fp_line (start -7.6 2.7) (end 2.5 2.7) (layer F.CrtYd) (width 0.05))
    (fp_line (start -7.6 -2.7) (end -7.6 2.7) (layer F.CrtYd) (width 0.05))
    (fp_line (start 1.691 0.275) (end 0.079 1.885) (layer F.SilkS) (width 0.12))
    (fp_line (start 1.831 0.416) (end 0.22 2.026) (layer F.SilkS) (width 0.12))
    (fp_line (start 2.285 -2.47) (end 2.285 2.481) (layer F.SilkS) (width 0.12))
    (fp_line (start -7.365 -2.47) (end -7.365 2.481) (layer F.SilkS) (width 0.12))
    (fp_line (start -7.365 2.481) (end 2.285 2.481) (layer F.SilkS) (width 0.12))
    (fp_line (start -7.365 -2.47) (end 2.285 -2.47) (layer F.SilkS) (width 0.12))
    (fp_line (start 1.652 0.32) (end 0.125 1.847) (layer F.Fab) (width 0.1))
    (fp_line (start 1.786 0.454) (end 0.259 1.981) (layer F.Fab) (width 0.1))
    (fp_line (start 2.225 -2.41) (end -7.305 -2.41) (layer F.Fab) (width 0.1))
    (fp_line (start 2.225 2.42) (end 2.225 -2.41) (layer F.Fab) (width 0.1))
    (fp_line (start -7.305 2.42) (end 2.225 2.42) (layer F.Fab) (width 0.1))
    (fp_line (start -7.305 -2.41) (end -7.305 2.42) (layer F.Fab) (width 0.1))
    (fp_circle (center 0.955 1.15) (end 2.05 1.15) (layer F.Fab) (width 0.1))
    (fp_arc (start 0.955 1.15) (end -0.174 0.91) (angle -103) (layer F.SilkS) (width 0.12))
    (fp_arc (start 0.955 1.15) (end 0.955 2.305) (angle -182) (layer F.SilkS) (width 0.12))
    (pad 3 thru_hole circle (at -5.08 0) (size 1.44 1.44) (drill 0.8) (layers *.Cu *.Mask)
      (net 20 "Net-(1K10-Pad3)"))
    (pad 2 thru_hole circle (at -2.54 0) (size 1.44 1.44) (drill 0.8) (layers *.Cu *.Mask)
      (net 19 "Net-(1K10-Pad2)"))
    (pad 1 thru_hole circle (at 0 0) (size 1.44 1.44) (drill 0.8) (layers *.Cu *.Mask)
      (net 21 "Net-(1K10-Pad1)"))
    (model Potentiometers.3dshapes/Potentiometer_Trimmer_Bourns_3296W.wrl
      (at (xyz 0 0 0))
      (scale (xyz 1 1 1))
      (rotate (xyz 0 0 -90))
    )
  )

  (module Potentiometers:Potentiometer_Trimmer_Bourns_3296W (layer F.Cu) (tedit 58826ECB) (tstamp 5C52E775)
    (at 120.26 129.36)
    (descr "Spindle Trimmer Potentiometer, Bourns 3296W, https://www.bourns.com/pdfs/3296.pdf")
    (tags "Spindle Trimmer Potentiometer   Bourns 3296W")
    (path /5C4D0438)
    (fp_text reference 1K11 (at -2.54 -3.66) (layer F.SilkS)
      (effects (font (size 1 1) (thickness 0.15)))
    )
    (fp_text value POT (at -2.54 3.67) (layer F.Fab)
      (effects (font (size 1 1) (thickness 0.15)))
    )
    (fp_arc (start 0.955 1.15) (end 0.955 2.305) (angle -182) (layer F.SilkS) (width 0.12))
    (fp_arc (start 0.955 1.15) (end -0.174 0.91) (angle -103) (layer F.SilkS) (width 0.12))
    (fp_circle (center 0.955 1.15) (end 2.05 1.15) (layer F.Fab) (width 0.1))
    (fp_line (start -7.305 -2.41) (end -7.305 2.42) (layer F.Fab) (width 0.1))
    (fp_line (start -7.305 2.42) (end 2.225 2.42) (layer F.Fab) (width 0.1))
    (fp_line (start 2.225 2.42) (end 2.225 -2.41) (layer F.Fab) (width 0.1))
    (fp_line (start 2.225 -2.41) (end -7.305 -2.41) (layer F.Fab) (width 0.1))
    (fp_line (start 1.786 0.454) (end 0.259 1.981) (layer F.Fab) (width 0.1))
    (fp_line (start 1.652 0.32) (end 0.125 1.847) (layer F.Fab) (width 0.1))
    (fp_line (start -7.365 -2.47) (end 2.285 -2.47) (layer F.SilkS) (width 0.12))
    (fp_line (start -7.365 2.481) (end 2.285 2.481) (layer F.SilkS) (width 0.12))
    (fp_line (start -7.365 -2.47) (end -7.365 2.481) (layer F.SilkS) (width 0.12))
    (fp_line (start 2.285 -2.47) (end 2.285 2.481) (layer F.SilkS) (width 0.12))
    (fp_line (start 1.831 0.416) (end 0.22 2.026) (layer F.SilkS) (width 0.12))
    (fp_line (start 1.691 0.275) (end 0.079 1.885) (layer F.SilkS) (width 0.12))
    (fp_line (start -7.6 -2.7) (end -7.6 2.7) (layer F.CrtYd) (width 0.05))
    (fp_line (start -7.6 2.7) (end 2.5 2.7) (layer F.CrtYd) (width 0.05))
    (fp_line (start 2.5 2.7) (end 2.5 -2.7) (layer F.CrtYd) (width 0.05))
    (fp_line (start 2.5 -2.7) (end -7.6 -2.7) (layer F.CrtYd) (width 0.05))
    (pad 1 thru_hole circle (at 0 0) (size 1.44 1.44) (drill 0.8) (layers *.Cu *.Mask)
      (net 22 "Net-(1K11-Pad1)"))
    (pad 2 thru_hole circle (at -2.54 0) (size 1.44 1.44) (drill 0.8) (layers *.Cu *.Mask)
      (net 20 "Net-(1K10-Pad3)"))
    (pad 3 thru_hole circle (at -5.08 0) (size 1.44 1.44) (drill 0.8) (layers *.Cu *.Mask)
      (net 23 "Net-(1K11-Pad3)"))
    (model Potentiometers.3dshapes/Potentiometer_Trimmer_Bourns_3296W.wrl
      (at (xyz 0 0 0))
      (scale (xyz 1 1 1))
      (rotate (xyz 0 0 -90))
    )
  )

  (module Potentiometers:Potentiometer_Trimmer_Bourns_3296W (layer F.Cu) (tedit 58826ECB) (tstamp 5C52E78F)
    (at 120.26 135.71)
    (descr "Spindle Trimmer Potentiometer, Bourns 3296W, https://www.bourns.com/pdfs/3296.pdf")
    (tags "Spindle Trimmer Potentiometer   Bourns 3296W")
    (path /5C4D043E)
    (fp_text reference 1K12 (at -2.54 -3.66) (layer F.SilkS)
      (effects (font (size 1 1) (thickness 0.15)))
    )
    (fp_text value POT (at -2.54 3.67) (layer F.Fab)
      (effects (font (size 1 1) (thickness 0.15)))
    )
    (fp_line (start 2.5 -2.7) (end -7.6 -2.7) (layer F.CrtYd) (width 0.05))
    (fp_line (start 2.5 2.7) (end 2.5 -2.7) (layer F.CrtYd) (width 0.05))
    (fp_line (start -7.6 2.7) (end 2.5 2.7) (layer F.CrtYd) (width 0.05))
    (fp_line (start -7.6 -2.7) (end -7.6 2.7) (layer F.CrtYd) (width 0.05))
    (fp_line (start 1.691 0.275) (end 0.079 1.885) (layer F.SilkS) (width 0.12))
    (fp_line (start 1.831 0.416) (end 0.22 2.026) (layer F.SilkS) (width 0.12))
    (fp_line (start 2.285 -2.47) (end 2.285 2.481) (layer F.SilkS) (width 0.12))
    (fp_line (start -7.365 -2.47) (end -7.365 2.481) (layer F.SilkS) (width 0.12))
    (fp_line (start -7.365 2.481) (end 2.285 2.481) (layer F.SilkS) (width 0.12))
    (fp_line (start -7.365 -2.47) (end 2.285 -2.47) (layer F.SilkS) (width 0.12))
    (fp_line (start 1.652 0.32) (end 0.125 1.847) (layer F.Fab) (width 0.1))
    (fp_line (start 1.786 0.454) (end 0.259 1.981) (layer F.Fab) (width 0.1))
    (fp_line (start 2.225 -2.41) (end -7.305 -2.41) (layer F.Fab) (width 0.1))
    (fp_line (start 2.225 2.42) (end 2.225 -2.41) (layer F.Fab) (width 0.1))
    (fp_line (start -7.305 2.42) (end 2.225 2.42) (layer F.Fab) (width 0.1))
    (fp_line (start -7.305 -2.41) (end -7.305 2.42) (layer F.Fab) (width 0.1))
    (fp_circle (center 0.955 1.15) (end 2.05 1.15) (layer F.Fab) (width 0.1))
    (fp_arc (start 0.955 1.15) (end -0.174 0.91) (angle -103) (layer F.SilkS) (width 0.12))
    (fp_arc (start 0.955 1.15) (end 0.955 2.305) (angle -182) (layer F.SilkS) (width 0.12))
    (pad 3 thru_hole circle (at -5.08 0) (size 1.44 1.44) (drill 0.8) (layers *.Cu *.Mask)
      (net 24 GND))
    (pad 2 thru_hole circle (at -2.54 0) (size 1.44 1.44) (drill 0.8) (layers *.Cu *.Mask)
      (net 23 "Net-(1K11-Pad3)"))
    (pad 1 thru_hole circle (at 0 0) (size 1.44 1.44) (drill 0.8) (layers *.Cu *.Mask)
      (net 25 "Net-(1K12-Pad1)"))
