(kicad_pcb (version 20171130) (host pcbnew "(5.0.0)")

  (general
    (thickness 1.6)
    (drawings 9)
    (tracks 571)
    (zones 0)
    (modules 81)
    (nets 82)
  )

  (page A4)
  (layers
    (0 F.Cu signal)
    (31 B.Cu signal)
    (32 B.Adhes user)
    (33 F.Adhes user)
    (34 B.Paste user)
    (35 F.Paste user)
    (36 B.SilkS user)
    (37 F.SilkS user)
    (38 B.Mask user)
    (39 F.Mask user)
    (40 Dwgs.User user)
    (41 Cmts.User user)
    (42 Eco1.User user)
    (43 Eco2.User user)
    (44 Edge.Cuts user)
    (45 Margin user)
    (46 B.CrtYd user)
    (47 F.CrtYd user)
    (48 B.Fab user)
    (49 F.Fab user hide)
  )

  (setup
    (last_trace_width 0.2032)
    (user_trace_width 0.2032)
    (user_trace_width 0.3048)
    (user_trace_width 0.381)
    (trace_clearance 0.1524)
    (zone_clearance 0.508)
    (zone_45_only no)
    (trace_min 0.2)
    (segment_width 0.2)
    (edge_width 0.1)
    (via_size 0.762)
    (via_drill 0.381)
    (via_min_size 0.4)
    (via_min_drill 0.3)
    (uvia_size 0.3)
    (uvia_drill 0.1)
    (uvias_allowed no)
    (uvia_min_size 0.2)
    (uvia_min_drill 0.1)
    (pcb_text_width 0.3)
    (pcb_text_size 1.5 1.5)
    (mod_edge_width 0.15)
    (mod_text_size 1 1)
    (mod_text_width 0.15)
    (pad_size 1.5 1.5)
    (pad_drill 0.6)
    (pad_to_mask_clearance 0)
    (aux_axis_origin 0 0)
    (visible_elements 7FFFF7FF)
    (pcbplotparams
      (layerselection 0x010fc_ffffffff)
      (usegerberextensions false)
      (usegerberattributes false)
      (usegerberadvancedattributes false)
      (creategerberjobfile false)
      (excludeedgelayer true)
      (linewidth 0.100000)
      (plotframeref false)
      (viasonmask false)
      (mode 1)
      (useauxorigin false)
      (hpglpennumber 1)
      (hpglpenspeed 20)
      (hpglpendiameter 15.000000)
      (psnegative false)
      (psa4output false)
      (plotreference true)
      (plotvalue true)
      (plotinvisibletext false)
      (padsonsilk false)
      (subtractmaskfromsilk false)
      (outputformat 1)
      (mirror false)
      (drillshape 1)
      (scaleselection 1)
      (outputdirectory ""))
  )

  (net 0 "")
  (net 1 "Net-(C1-Pad1)")
  (net 2 GND)
  (net 3 "Net-(C2-Pad1)")
  (net 4 "Net-(C3-Pad1)")
  (net 5 "Net-(C4-Pad1)")
  (net 6 "Net-(C5-Pad1)")
  (net 7 "Net-(C6-Pad1)")
  (net 8 "Net-(C7-Pad1)")
  (net 9 "Net-(C8-Pad1)")
  (net 10 "Net-(C9-Pad1)")
  (net 11 "Net-(C10-Pad1)")
  (net 12 "Net-(C11-Pad1)")
  (net 13 "Net-(C12-Pad1)")
  (net 14 "Net-(C13-Pad1)")
  (net 15 "Net-(C14-Pad1)")
  (net 16 "Net-(C15-Pad1)")
  (net 17 "Net-(C16-Pad1)")
  (net 18 "Net-(C17-Pad1)")
  (net 19 "Net-(C18-Pad1)")
  (net 20 "Net-(C19-Pad1)")
  (net 21 "Net-(C20-Pad1)")
  (net 22 +5V)
  (net 23 "Net-(C22-Pad2)")
  (net 24 "Net-(C22-Pad1)")
  (net 25 "Net-(C23-Pad1)")
  (net 26 "Net-(C24-Pad1)")
  (net 27 "Net-(C25-Pad1)")
  (net 28 "Net-(C26-Pad1)")
  (net 29 /CH10_LPF)
  (net 30 /CH9_LPF)
  (net 31 /CH8_LPF)
  (net 32 /CH7_LPF)
  (net 33 /CH6_LPF)
  (net 34 /CH5_LPF)
  (net 35 /CH4_LPF)
  (net 36 /CH3_LPF)
  (net 37 /CH2_LPF)
  (net 38 /CH1_LPF)
  (net 39 /CH20_LPF)
  (net 40 /CH19_LPF)
  (net 41 /CH18_LPF)
  (net 42 /CH17_LPF)
  (net 43 /CH16_LPF)
  (net 44 /CH15_LPF)
  (net 45 /CH14_LPF)
  (net 46 /CH13_LPF)
  (net 47 /CH12_LPF)
  (net 48 /CH11_LPF)
  (net 49 /SCK)
  (net 50 /MOSI)
  (net 51 /MISO)
  (net 52 /CS1_OUT)
  (net 53 /CS1)
  (net 54 /CS2)
  (net 55 /CS3)
  (net 56 /CS4)
  (net 57 /CS5)
  (net 58 /CS6)
  (net 59 "Net-(L3-Pad1)")
  (net 60 "Net-(L5-Pad1)")
  (net 61 "Net-(L9-Pad1)")
  (net 62 "Net-(L13-Pad1)")
  (net 63 "Net-(L17-Pad1)")
  (net 64 "Net-(L19-Pad1)")
  (net 65 "Net-(U1-Pad37)")
  (net 66 "Net-(U1-Pad42)")
  (net 67 "Net-(D1-Pad2)")
  (net 68 "Net-(L1-Pad2)")
  (net 69 "Net-(L2-Pad2)")
  (net 70 "Net-(L4-Pad2)")
  (net 71 "Net-(L6-Pad2)")
  (net 72 "Net-(L7-Pad2)")
  (net 73 "Net-(L8-Pad2)")
  (net 74 "Net-(L10-Pad2)")
  (net 75 "Net-(L11-Pad2)")
  (net 76 "Net-(L12-Pad2)")
  (net 77 "Net-(L14-Pad2)")
  (net 78 "Net-(L15-Pad2)")
  (net 79 "Net-(L16-Pad2)")
  (net 80 "Net-(L18-Pad2)")
  (net 81 "Net-(L20-Pad2)")

  (net_class Default "This is the default net class."
    (clearance 0.1524)
    (trace_width 0.3048)
    (via_dia 0.762)
    (via_drill 0.381)
    (uvia_dia 0.3)
    (uvia_drill 0.1)
    (add_net +5V)
    (add_net /CH10_LPF)
    (add_net /CH11_LPF)
    (add_net /CH12_LPF)
    (add_net /CH13_LPF)
    (add_net /CH14_LPF)
    (add_net /CH15_LPF)
    (add_net /CH16_LPF)
    (add_net /CH17_LPF)
    (add_net /CH18_LPF)
    (add_net /CH19_LPF)
    (add_net /CH1_LPF)
    (add_net /CH20_LPF)
    (add_net /CH2_LPF)
    (add_net /CH3_LPF)
    (add_net /CH4_LPF)
    (add_net /CH5_LPF)
    (add_net /CH6_LPF)
    (add_net /CH7_LPF)
    (add_net /CH8_LPF)
    (add_net /CH9_LPF)
    (add_net /CS1)
    (add_net /CS1_OUT)
    (add_net /CS2)
    (add_net /CS3)
    (add_net /CS4)
    (add_net /CS5)
    (add_net /CS6)
    (add_net /MISO)
    (add_net /MOSI)
    (add_net /SCK)
    (add_net GND)
    (add_net "Net-(C1-Pad1)")
    (add_net "Net-(C10-Pad1)")
    (add_net "Net-(C11-Pad1)")
    (add_net "Net-(C12-Pad1)")
    (add_net "Net-(C13-Pad1)")
    (add_net "Net-(C14-Pad1)")
    (add_net "Net-(C15-Pad1)")
    (add_net "Net-(C16-Pad1)")
    (add_net "Net-(C17-Pad1)")
    (add_net "Net-(C18-Pad1)")
    (add_net "Net-(C19-Pad1)")
    (add_net "Net-(C2-Pad1)")
    (add_net "Net-(C20-Pad1)")
    (add_net "Net-(C22-Pad1)")
    (add_net "Net-(C22-Pad2)")
    (add_net "Net-(C23-Pad1)")
    (add_net "Net-(C24-Pad1)")
    (add_net "Net-(C25-Pad1)")
    (add_net "Net-(C26-Pad1)")
    (add_net "Net-(C3-Pad1)")
    (add_net "Net-(C4-Pad1)")
    (add_net "Net-(C5-Pad1)")
    (add_net "Net-(C6-Pad1)")
    (add_net "Net-(C7-Pad1)")
    (add_net "Net-(C8-Pad1)")
    (add_net "Net-(C9-Pad1)")
    (add_net "Net-(D1-Pad2)")
    (add_net "Net-(L1-Pad2)")
    (add_net "Net-(L10-Pad2)")
    (add_net "Net-(L11-Pad2)")
    (add_net "Net-(L12-Pad2)")
    (add_net "Net-(L13-Pad1)")
    (add_net "Net-(L14-Pad2)")
    (add_net "Net-(L15-Pad2)")
    (add_net "Net-(L16-Pad2)")
    (add_net "Net-(L17-Pad1)")
    (add_net "Net-(L18-Pad2)")
    (add_net "Net-(L19-Pad1)")
    (add_net "Net-(L2-Pad2)")
    (add_net "Net-(L20-Pad2)")
    (add_net "Net-(L3-Pad1)")
    (add_net "Net-(L4-Pad2)")
    (add_net "Net-(L5-Pad1)")
    (add_net "Net-(L6-Pad2)")
    (add_net "Net-(L7-Pad2)")
    (add_net "Net-(L8-Pad2)")
    (add_net "Net-(L9-Pad1)")
    (add_net "Net-(U1-Pad37)")
    (add_net "Net-(U1-Pad42)")
  )

  (net_class PowerMax ""
    (clearance 0.1524)
    (trace_width 0.381)
    (via_dia 0.762)
    (via_drill 0.381)
    (uvia_dia 0.3)
    (uvia_drill 0.1)
  )

  (net_class SignalMax ""
    (clearance 0.1524)
    (trace_width 0.3048)
    (via_dia 0.762)
    (via_drill 0.381)
    (uvia_dia 0.3)
    (uvia_drill 0.1)
  )

  (module TestPoint:TestPoint_Keystone_5005-5009_Compact (layer F.Cu) (tedit 5C5606C1) (tstamp 5C866F37)
    (at 101.225999 131.070999 180)
    (descr "Keystone Miniature THM Test Point 5005-5009, http://www.keyelco.com/product-pdf.cfm?p=1314")
    (tags "Through Hole Mount Test Points")
    (path /5C5C68A6)
    (fp_text reference +5V (at 0 -2.75 180) (layer F.SilkS)
      (effects (font (size 1 1) (thickness 0.15)))
    )
    (fp_text value TestPoint (at 0 2.75 180) (layer F.Fab)
      (effects (font (size 1 1) (thickness 0.15)))
    )
    (fp_text user %R (at 0 0 180) (layer F.Fab)
      (effects (font (size 0.6 0.6) (thickness 0.09)))
    )
    (fp_line (start -1.25 -0.4) (end 1.25 -0.4) (layer F.Fab) (width 0.15))
    (fp_line (start 1.25 -0.4) (end 1.25 0.4) (layer F.Fab) (width 0.15))
    (fp_line (start 1.25 0.4) (end -1.25 0.4) (layer F.Fab) (width 0.15))
    (fp_line (start -1.25 0.4) (end -1.25 -0.4) (layer F.Fab) (width 0.15))
    (fp_circle (center 0 0) (end 2 0) (layer F.CrtYd) (width 0.05))
    (fp_circle (center 0 0) (end 1.6 0) (layer F.Fab) (width 0.15))
    (fp_circle (center 0 0) (end 1.75 0) (layer F.SilkS) (width 0.15))
    (pad 1 thru_hole circle (at 0 0 180) (size 2.8 2.8) (drill 1.6) (layers *.Cu *.Mask)
      (net 22 +5V))
    (model ${KISYS3DMOD}/TestPoint.3dshapes/TestPoint_Keystone_5005-5009_Compact.wrl
      (at (xyz 0 0 0))
      (scale (xyz 1 1 1))
      (rotate (xyz 0 0 0))
    )
  )

  (module TestPoint:TestPoint_Keystone_5005-5009_Compact (layer F.Cu) (tedit 5C5606CC) (tstamp 5C866F13)
    (at 96.52 131.070999 180)
    (descr "Keystone Miniature THM Test Point 5005-5009, http://www.keyelco.com/product-pdf.cfm?p=1314")
    (tags "Through Hole Mount Test Points")
    (path /5C6094F4)
    (fp_text reference GND (at 0 -2.75 180) (layer F.SilkS)
      (effects (font (size 1 1) (thickness 0.15)))
    )
    (fp_text value TestPoint (at 0 2.75 180) (layer F.Fab)
      (effects (font (size 1 1) (thickness 0.15)))
    )
    (fp_circle (center 0 0) (end 1.75 0) (layer F.SilkS) (width 0.15))
    (fp_circle (center 0 0) (end 1.6 0) (layer F.Fab) (width 0.15))
    (fp_circle (center 0 0) (end 2 0) (layer F.CrtYd) (width 0.05))
    (fp_line (start -1.25 0.4) (end -1.25 -0.4) (layer F.Fab) (width 0.15))
    (fp_line (start 1.25 0.4) (end -1.25 0.4) (layer F.Fab) (width 0.15))
    (fp_line (start 1.25 -0.4) (end 1.25 0.4) (layer F.Fab) (width 0.15))
    (fp_line (start -1.25 -0.4) (end 1.25 -0.4) (layer F.Fab) (width 0.15))
    (fp_text user %R (at 0 0 180) (layer F.Fab)
      (effects (font (size 0.6 0.6) (thickness 0.09)))
    )
    (pad 1 thru_hole circle (at 0 0 180) (size 2.8 2.8) (drill 1.6) (layers *.Cu *.Mask)
      (net 2 GND))
    (model ${KISYS3DMOD}/TestPoint.3dshapes/TestPoint_Keystone_5005-5009_Compact.wrl
      (at (xyz 0 0 0))
      (scale (xyz 1 1 1))
      (rotate (xyz 0 0 0))
    )
  )

  (module UTSVT_Connectors:Molex_Micro-Fit_3.0_43045-2010_2x10-1MP_P3.00mm_Horizontal (layer F.Cu) (tedit 5C5603F5) (tstamp 5C93232B)
    (at 58.2295 101.0285 90)
    (descr "Molex Micro-Fit 3.0 Connector System, 43045-2010 (compatible alternatives: 43045-2011, 43045-2009), 10 Pins per row (http://www.molex.com/pdm_docs/sd/430450210_sd.pdf), generated with kicad-footprint-generator")
    (tags "connector Molex Micro-Fit_3.0 top entry")
    (path /5C4FB2E5)
    (attr smd)
    (fp_text reference J1 (at 0 -13.58 90) (layer F.SilkS)
      (effects (font (size 1 1) (thickness 0.15)))
    )
    (fp_text value Conn_02x10_Counter_Clockwise (at 0 4.98 90) (layer F.Fab)
      (effects (font (size 1 1) (thickness 0.15)))
    )
    (fp_line (start 0 -12.385) (end 15.825 -12.385) (layer F.Fab) (width 0.1))
    (fp_line (start 15.825 -12.385) (end 16.825 -10.385) (layer F.Fab) (width 0.1))
    (fp_line (start 16.825 -10.385) (end 16.825 -8.61) (layer F.Fab) (width 0.1))
    (fp_line (start 16.825 -8.61) (end 16.825 -2.475) (layer F.Fab) (width 0.1))
    (fp_line (start 16.825 -2.475) (end 14.135 -2.475) (layer F.Fab) (width 0.1))
    (fp_line (start 14.135 -2.475) (end 0 -2.475) (layer F.Fab) (width 0.1))
    (fp_line (start 0 -12.385) (end -15.825 -12.385) (layer F.Fab) (width 0.1))
    (fp_line (start -15.825 -12.385) (end -16.825 -10.385) (layer F.Fab) (width 0.1))
    (fp_line (start -16.825 -10.385) (end -16.825 -8.61) (layer F.Fab) (width 0.1))
    (fp_line (start -16.825 -8.61) (end -16.825 -2.475) (layer F.Fab) (width 0.1))
    (fp_line (start -16.825 -2.475) (end -14.5 -2.475) (layer F.Fab) (width 0.1))
    (fp_line (start -14.5 -2.475) (end -13.5 -3.475) (layer F.Fab) (width 0.1))
    (fp_line (start -13.5 -3.475) (end -12.5 -2.475) (layer F.Fab) (width 0.1))
    (fp_line (start -12.5 -2.475) (end 0 -2.475) (layer F.Fab) (width 0.1))
    (fp_line (start 0 -12.495) (end 15.935 -12.495) (layer F.SilkS) (width 0.12))
    (fp_line (start 15.935 -12.495) (end 16.935 -10.495) (layer F.SilkS) (width 0.12))
    (fp_line (start 16.935 -10.495) (end 16.935 -8.98) (layer F.SilkS) (width 0.12))
    (fp_line (start 0 -12.495) (end -15.935 -12.495) (layer F.SilkS) (width 0.12))
    (fp_line (start -15.935 -12.495) (end -16.935 -10.495) (layer F.SilkS) (width 0.12))
    (fp_line (start -16.935 -10.495) (end -16.935 -8.98) (layer F.SilkS) (width 0.12))
    (fp_line (start 16.935 -6.59) (end 16.935 -2.365) (layer F.SilkS) (width 0.12))
    (fp_line (start 16.935 -2.365) (end 14.505 -2.365) (layer F.SilkS) (width 0.12))
    (fp_line (start -16.935 -6.59) (end -16.935 -2.365) (layer F.SilkS) (width 0.12))
    (fp_line (start -16.935 -2.365) (end -14.505 -2.365) (layer F.SilkS) (width 0.12))
    (fp_line (start -14.505 -2.365) (end -14.505 -0.905) (layer F.SilkS) (width 0.12))
    (fp_line (start 0 -12.88) (end 16.32 -12.88) (layer F.CrtYd) (width 0.05))
    (fp_line (start 16.32 -12.88) (end 17.32 -10.88) (layer F.CrtYd) (width 0.05))
    (fp_line (start 17.32 -10.88) (end 17.32 -9.11) (layer F.CrtYd) (width 0.05))
    (fp_line (start 17.32 -9.11) (end 19.6 -9.11) (layer F.CrtYd) (width 0.05))
    (fp_line (start 19.6 -9.11) (end 19.6 -6.46) (layer F.CrtYd) (width 0.05))
    (fp_line (start 19.6 -6.46) (end 17.32 -6.46) (layer F.CrtYd) (width 0.05))
    (fp_line (start 17.32 -6.46) (end 17.32 -1.97) (layer F.CrtYd) (width 0.05))
    (fp_line (start 17.32 -1.97) (end 14.64 -1.97) (layer F.CrtYd) (width 0.05))
    (fp_line (start 14.64 -1.97) (end 14.64 4.28) (layer F.CrtYd) (width 0.05))
    (fp_line (start 14.64 4.28) (end 0 4.28) (layer F.CrtYd) (width 0.05))
    (fp_line (start 0 -12.88) (end -16.32 -12.88) (layer F.CrtYd) (width 0.05))
    (fp_line (start -16.32 -12.88) (end -17.32 -10.88) (layer F.CrtYd) (width 0.05))
    (fp_line (start -17.32 -10.88) (end -17.32 -9.11) (layer F.CrtYd) (width 0.05))
    (fp_line (start -17.32 -9.11) (end -19.6 -9.11) (layer F.CrtYd) (width 0.05))
    (fp_line (start -19.6 -9.11) (end -19.6 -6.46) (layer F.CrtYd) (width 0.05))
    (fp_line (start -19.6 -6.46) (end -17.32 -6.46) (layer F.CrtYd) (width 0.05))
    (fp_line (start -17.32 -6.46) (end -17.32 -1.97) (layer F.CrtYd) (width 0.05))
    (fp_line (start -17.32 -1.97) (end -14.64 -1.97) (layer F.CrtYd) (width 0.05))
    (fp_line (start -14.64 -1.97) (end -14.64 4.28) (layer F.CrtYd) (width 0.05))
    (fp_line (start -14.64 4.28) (end 0 4.28) (layer F.CrtYd) (width 0.05))
    (fp_text user %R (at 0 -11.68 90) (layer F.Fab)
      (effects (font (size 1 1) (thickness 0.15)))
    )
    (pad "" np_thru_hole rect (at -17.385 -7.785 90) (size 3.43 1.65) (drill 1) (layers *.Cu *.Mask))
    (pad "" np_thru_hole rect (at 17.385 -7.785 90) (size 3.43 1.65) (drill 1) (layers *.Cu *.Mask))
    (pad 1 thru_hole rect (at -13.5 -2.315 90) (size 1.27 2.92) (drill 1) (layers *.Cu *.Mask)
      (net 38 /CH1_LPF))
    (pad 2 thru_hole rect (at -10.5 -2.315 90) (size 1.27 2.92) (drill 1) (layers *.Cu *.Mask)
      (net 37 /CH2_LPF))
    (pad 3 thru_hole rect (at -7.5 -2.315 90) (size 1.27 2.92) (drill 1) (layers *.Cu *.Mask)
      (net 36 /CH3_LPF))
    (pad 4 thru_hole rect (at -4.5 -2.315 90) (size 1.27 2.92) (drill 1) (layers *.Cu *.Mask)
      (net 35 /CH4_LPF))
    (pad 5 thru_hole rect (at -1.5 -2.315 90) (size 1.27 2.92) (drill 1) (layers *.Cu *.Mask)
      (net 34 /CH5_LPF))
    (pad 6 thru_hole rect (at 1.5 -2.315 90) (size 1.27 2.92) (drill 1) (layers *.Cu *.Mask)
      (net 33 /CH6_LPF))
    (pad 7 thru_hole rect (at 4.5 -2.315 90) (size 1.27 2.92) (drill 1) (layers *.Cu *.Mask)
      (net 32 /CH7_LPF))
    (pad 8 thru_hole rect (at 7.5 -2.315 90) (size 1.27 2.92) (drill 1) (layers *.Cu *.Mask)
      (net 31 /CH8_LPF))
    (pad 9 thru_hole rect (at 10.5 -2.315 90) (size 1.27 2.92) (drill 1) (layers *.Cu *.Mask)
      (net 30 /CH9_LPF))
    (pad 10 thru_hole rect (at 13.5 -2.315 90) (size 1.27 2.92) (drill 1) (layers *.Cu *.Mask)
      (net 29 /CH10_LPF))
    (pad 11 thru_hole rect (at -13.5 2.315 90) (size 1.27 2.92) (drill 1) (layers *.Cu *.Mask)
      (net 48 /CH11_LPF))
    (pad 12 thru_hole rect (at -10.5 2.315 90) (size 1.27 2.92) (drill 1) (layers *.Cu *.Mask)
      (net 47 /CH12_LPF))
    (pad 13 thru_hole rect (at -7.5 2.315 90) (size 1.27 2.92) (drill 1) (layers *.Cu *.Mask)
      (net 46 /CH13_LPF))
    (pad 14 thru_hole rect (at -4.5 2.315 90) (size 1.27 2.92) (drill 1) (layers *.Cu *.Mask)
      (net 45 /CH14_LPF))
    (pad 15 thru_hole rect (at -1.5 2.315 90) (size 1.27 2.92) (drill 1) (layers *.Cu *.Mask)
      (net 44 /CH15_LPF))
    (pad 16 thru_hole rect (at 1.5 2.315 90) (size 1.27 2.92) (drill 1) (layers *.Cu *.Mask)
      (net 43 /CH16_LPF))
    (pad 17 thru_hole rect (at 4.5 2.315 90) (size 1.27 2.92) (drill 1) (layers *.Cu *.Mask)
      (net 42 /CH17_LPF))
    (pad 18 thru_hole rect (at 7.5 2.315 90) (size 1.27 2.92) (drill 1) (layers *.Cu *.Mask)
      (net 41 /CH18_LPF))
    (pad 19 thru_hole rect (at 10.5 2.315 90) (size 1.27 2.92) (drill 1) (layers *.Cu *.Mask)
      (net 40 /CH19_LPF))
    (pad 20 thru_hole rect (at 13.5 2.315 90) (size 1.27 2.92) (drill 1) (layers *.Cu *.Mask)
      (net 39 /CH20_LPF))
    (model ${KISYS3DMOD}/Connector_Molex.3dshapes/Molex_Micro-Fit_3.0_43045-2010_2x10-1MP_P3.00mm_Horizontal.wrl
      (at (xyz 0 0 0))
      (scale (xyz 1 1 1))
      (rotate (xyz 0 0 0))
    )
  )

  (module Capacitor_SMD:C_0805_2012Metric (layer F.Cu) (tedit 5B36C52B) (tstamp 5C5E3832)
    (at 100.214651 78.248396 315)
    (descr "Capacitor SMD 0805 (2012 Metric), square (rectangular) end terminal, IPC_7351 nominal, (Body size source: https://docs.google.com/spreadsheets/d/1BsfQQcO9C6DZCsRaXUlFlo91Tg2WpOkGARC1WS5S8t0/edit?usp=sharing), generated with kicad-footprint-generator")
    (tags capacitor)
    (path /5C4DF318)
    (attr smd)
    (fp_text reference C1 (at 0 -1.65 315) (layer F.SilkS)
      (effects (font (size 1 1) (thickness 0.15)))
    )
    (fp_text value 1uF (at 0 1.65 315) (layer F.Fab)
      (effects (font (size 1 1) (thickness 0.15)))
    )
    (fp_line (start -1 0.6) (end -1 -0.6) (layer F.Fab) (width 0.1))
    (fp_line (start -1 -0.6) (end 1 -0.6) (layer F.Fab) (width 0.1))
    (fp_line (start 1 -0.6) (end 1 0.6) (layer F.Fab) (width 0.1))
    (fp_line (start 1 0.6) (end -1 0.6) (layer F.Fab) (width 0.1))
    (fp_line (start -0.258578 -0.71) (end 0.258578 -0.71) (layer F.SilkS) (width 0.12))
    (fp_line (start -0.258578 0.71) (end 0.258578 0.71) (layer F.SilkS) (width 0.12))
    (fp_line (start -1.68 0.95) (end -1.68 -0.95) (layer F.CrtYd) (width 0.05))
    (fp_line (start -1.68 -0.95) (end 1.68 -0.95) (layer F.CrtYd) (width 0.05))
    (fp_line (start 1.68 -0.95) (end 1.68 0.95) (layer F.CrtYd) (width 0.05))
    (fp_line (start 1.68 0.95) (end -1.68 0.95) (layer F.CrtYd) (width 0.05))
    (fp_text user %R (at 0 0 315) (layer F.Fab)
      (effects (font (size 0.5 0.5) (thickness 0.08)))
    )
    (pad 1 smd roundrect (at -0.937501 0 315) (size 0.975 1.4) (layers F.Cu F.Paste F.Mask) (roundrect_rratio 0.25)
      (net 1 "Net-(C1-Pad1)"))
    (pad 2 smd roundrect (at 0.937501 0 315) (size 0.975 1.4) (layers F.Cu F.Paste F.Mask) (roundrect_rratio 0.25)
      (net 2 GND))
    (model ${KISYS3DMOD}/Capacitor_SMD.3dshapes/C_0805_2012Metric.wrl
      (at (xyz 0 0 0))
      (scale (xyz 1 1 1))
      (rotate (xyz 0 0 0))
    )
  )

  (module Capacitor_SMD:C_0805_2012Metric (layer F.Cu) (tedit 5B36C52B) (tstamp 5C5E3843)
    (at 97.573582 80.936909 315)
    (descr "Capacitor SMD 0805 (2012 Metric), square (rectangular) end terminal, IPC_7351 nominal, (Body size source: https://docs.google.com/spreadsheets/d/1BsfQQcO9C6DZCsRaXUlFlo91Tg2WpOkGARC1WS5S8t0/edit?usp=sharing), generated with kicad-footprint-generator")
    (tags capacitor)
    (path /5C4DFF37)
    (attr smd)
    (fp_text reference C2 (at 0 -1.65 315) (layer F.SilkS)
      (effects (font (size 1 1) (thickness 0.15)))
    )
    (fp_text value 1uF (at 0 1.65 315) (layer F.Fab)
      (effects (font (size 1 1) (thickness 0.15)))
    )
    (fp_text user %R (at 0 0 315) (layer F.Fab)
      (effects (font (size 0.5 0.5) (thickness 0.08)))
    )
    (fp_line (start 1.68 0.95) (end -1.68 0.95) (layer F.CrtYd) (width 0.05))
    (fp_line (start 1.68 -0.95) (end 1.68 0.95) (layer F.CrtYd) (width 0.05))
    (fp_line (start -1.68 -0.95) (end 1.68 -0.95) (layer F.CrtYd) (width 0.05))
    (fp_line (start -1.68 0.95) (end -1.68 -0.95) (layer F.CrtYd) (width 0.05))
    (fp_line (start -0.258578 0.71) (end 0.258578 0.71) (layer F.SilkS) (width 0.12))
    (fp_line (start -0.258578 -0.71) (end 0.258578 -0.71) (layer F.SilkS) (width 0.12))
    (fp_line (start 1 0.6) (end -1 0.6) (layer F.Fab) (width 0.1))
    (fp_line (start 1 -0.6) (end 1 0.6) (layer F.Fab) (width 0.1))
    (fp_line (start -1 -0.6) (end 1 -0.6) (layer F.Fab) (width 0.1))
    (fp_line (start -1 0.6) (end -1 -0.6) (layer F.Fab) (width 0.1))
    (pad 2 smd roundrect (at 0.937501 0 315) (size 0.975 1.4) (layers F.Cu F.Paste F.Mask) (roundrect_rratio 0.25)
      (net 2 GND))
    (pad 1 smd roundrect (at -0.937501 0 315) (size 0.975 1.4) (layers F.Cu F.Paste F.Mask) (roundrect_rratio 0.25)
      (net 3 "Net-(C2-Pad1)"))
    (model ${KISYS3DMOD}/Capacitor_SMD.3dshapes/C_0805_2012Metric.wrl
      (at (xyz 0 0 0))
      (scale (xyz 1 1 1))
      (rotate (xyz 0 0 0))
    )
  )

  (module Capacitor_SMD:C_0805_2012Metric (layer F.Cu) (tedit 5B36C52B) (tstamp 5C5E3854)
    (at 94.940641 83.60839 315)
    (descr "Capacitor SMD 0805 (2012 Metric), square (rectangular) end terminal, IPC_7351 nominal, (Body size source: https://docs.google.com/spreadsheets/d/1BsfQQcO9C6DZCsRaXUlFlo91Tg2WpOkGARC1WS5S8t0/edit?usp=sharing), generated with kicad-footprint-generator")
    (tags capacitor)
    (path /5C4E0FD5)
    (attr smd)
    (fp_text reference C3 (at 0 -1.65 315) (layer F.SilkS)
      (effects (font (size 1 1) (thickness 0.15)))
    )
    (fp_text value 1uF (at 0 1.65 315) (layer F.Fab)
      (effects (font (size 1 1) (thickness 0.15)))
    )
    (fp_line (start -1 0.6) (end -1 -0.6) (layer F.Fab) (width 0.1))
    (fp_line (start -1 -0.6) (end 1 -0.6) (layer F.Fab) (width 0.1))
    (fp_line (start 1 -0.6) (end 1 0.6) (layer F.Fab) (width 0.1))
    (fp_line (start 1 0.6) (end -1 0.6) (layer F.Fab) (width 0.1))
    (fp_line (start -0.258578 -0.71) (end 0.258578 -0.71) (layer F.SilkS) (width 0.12))
    (fp_line (start -0.258578 0.71) (end 0.258578 0.71) (layer F.SilkS) (width 0.12))
    (fp_line (start -1.68 0.95) (end -1.68 -0.95) (layer F.CrtYd) (width 0.05))
    (fp_line (start -1.68 -0.95) (end 1.68 -0.95) (layer F.CrtYd) (width 0.05))
    (fp_line (start 1.68 -0.95) (end 1.68 0.95) (layer F.CrtYd) (width 0.05))
    (fp_line (start 1.68 0.95) (end -1.68 0.95) (layer F.CrtYd) (width 0.05))
    (fp_text user %R (at 0 0 315) (layer F.Fab)
      (effects (font (size 0.5 0.5) (thickness 0.08)))
    )
    (pad 1 smd roundrect (at -0.937501 0 315) (size 0.975 1.4) (layers F.Cu F.Paste F.Mask) (roundrect_rratio 0.25)
      (net 4 "Net-(C3-Pad1)"))
    (pad 2 smd roundrect (at 0.937501 0 315) (size 0.975 1.4) (layers F.Cu F.Paste F.Mask) (roundrect_rratio 0.25)
      (net 2 GND))
    (model ${KISYS3DMOD}/Capacitor_SMD.3dshapes/C_0805_2012Metric.wrl
      (at (xyz 0 0 0))
      (scale (xyz 1 1 1))
      (rotate (xyz 0 0 0))
    )
  )

  (module Capacitor_SMD:C_0805_2012Metric (layer F.Cu) (tedit 5B36C52B) (tstamp 5C5E3865)
    (at 92.26871 86.189913 315)
    (descr "Capacitor SMD 0805 (2012 Metric), square (rectangular) end terminal, IPC_7351 nominal, (Body size source: https://docs.google.com/spreadsheets/d/1BsfQQcO9C6DZCsRaXUlFlo91Tg2WpOkGARC1WS5S8t0/edit?usp=sharing), generated with kicad-footprint-generator")
    (tags capacitor)
    (path /5C4E23CC)
    (attr smd)
    (fp_text reference C4 (at 0 -1.65 315) (layer F.SilkS)
      (effects (font (size 1 1) (thickness 0.15)))
    )
    (fp_text value 1uF (at 0 1.65 315) (layer F.Fab)
      (effects (font (size 1 1) (thickness 0.15)))
    )
    (fp_text user %R (at 0 0 315) (layer F.Fab)
      (effects (font (size 0.5 0.5) (thickness 0.08)))
    )
    (fp_line (start 1.68 0.95) (end -1.68 0.95) (layer F.CrtYd) (width 0.05))
    (fp_line (start 1.68 -0.95) (end 1.68 0.95) (layer F.CrtYd) (width 0.05))
    (fp_line (start -1.68 -0.95) (end 1.68 -0.95) (layer F.CrtYd) (width 0.05))
    (fp_line (start -1.68 0.95) (end -1.68 -0.95) (layer F.CrtYd) (width 0.05))
    (fp_line (start -0.258578 0.71) (end 0.258578 0.71) (layer F.SilkS) (width 0.12))
    (fp_line (start -0.258578 -0.71) (end 0.258578 -0.71) (layer F.SilkS) (width 0.12))
    (fp_line (start 1 0.6) (end -1 0.6) (layer F.Fab) (width 0.1))
    (fp_line (start 1 -0.6) (end 1 0.6) (layer F.Fab) (width 0.1))
    (fp_line (start -1 -0.6) (end 1 -0.6) (layer F.Fab) (width 0.1))
    (fp_line (start -1 0.6) (end -1 -0.6) (layer F.Fab) (width 0.1))
    (pad 2 smd roundrect (at 0.937501 0 315) (size 0.975 1.4) (layers F.Cu F.Paste F.Mask) (roundrect_rratio 0.25)
      (net 2 GND))
    (pad 1 smd roundrect (at -0.937501 0 315) (size 0.975 1.4) (layers F.Cu F.Paste F.Mask) (roundrect_rratio 0.25)
      (net 5 "Net-(C4-Pad1)"))
    (model ${KISYS3DMOD}/Capacitor_SMD.3dshapes/C_0805_2012Metric.wrl
      (at (xyz 0 0 0))
      (scale (xyz 1 1 1))
      (rotate (xyz 0 0 0))
    )
  )

  (module Capacitor_SMD:C_0805_2012Metric (layer F.Cu) (tedit 5B36C52B) (tstamp 5C5E3876)
    (at 89.608391 88.87264 315)
    (descr "Capacitor SMD 0805 (2012 Metric), square (rectangular) end terminal, IPC_7351 nominal, (Body size source: https://docs.google.com/spreadsheets/d/1BsfQQcO9C6DZCsRaXUlFlo91Tg2WpOkGARC1WS5S8t0/edit?usp=sharing), generated with kicad-footprint-generator")
    (tags capacitor)
    (path /5C4E3B2E)
    (attr smd)
    (fp_text reference C5 (at 0 -1.65 315) (layer F.SilkS)
      (effects (font (size 1 1) (thickness 0.15)))
    )
    (fp_text value 1uF (at 0 1.65 315) (layer F.Fab)
      (effects (font (size 1 1) (thickness 0.15)))
    )
    (fp_line (start -1 0.6) (end -1 -0.6) (layer F.Fab) (width 0.1))
    (fp_line (start -1 -0.6) (end 1 -0.6) (layer F.Fab) (width 0.1))
    (fp_line (start 1 -0.6) (end 1 0.6) (layer F.Fab) (width 0.1))
    (fp_line (start 1 0.6) (end -1 0.6) (layer F.Fab) (width 0.1))
    (fp_line (start -0.258578 -0.71) (end 0.258578 -0.71) (layer F.SilkS) (width 0.12))
    (fp_line (start -0.258578 0.71) (end 0.258578 0.71) (layer F.SilkS) (width 0.12))
    (fp_line (start -1.68 0.95) (end -1.68 -0.95) (layer F.CrtYd) (width 0.05))
    (fp_line (start -1.68 -0.95) (end 1.68 -0.95) (layer F.CrtYd) (width 0.05))
    (fp_line (start 1.68 -0.95) (end 1.68 0.95) (layer F.CrtYd) (width 0.05))
    (fp_line (start 1.68 0.95) (end -1.68 0.95) (layer F.CrtYd) (width 0.05))
    (fp_text user %R (at 0 0 315) (layer F.Fab)
      (effects (font (size 0.5 0.5) (thickness 0.08)))
    )
    (pad 1 smd roundrect (at -0.937501 0 315) (size 0.975 1.4) (layers F.Cu F.Paste F.Mask) (roundrect_rratio 0.25)
      (net 6 "Net-(C5-Pad1)"))
    (pad 2 smd roundrect (at 0.937501 0 315) (size 0.975 1.4) (layers F.Cu F.Paste F.Mask) (roundrect_rratio 0.25)
      (net 2 GND))
    (model ${KISYS3DMOD}/Capacitor_SMD.3dshapes/C_0805_2012Metric.wrl
      (at (xyz 0 0 0))
      (scale (xyz 1 1 1))
      (rotate (xyz 0 0 0))
    )
  )

  (module Capacitor_SMD:C_0805_2012Metric (layer F.Cu) (tedit 5B36C52B) (tstamp 5C525B76)
    (at 81.512563 86.127915)
    (descr "Capacitor SMD 0805 (2012 Metric), square (rectangular) end terminal, IPC_7351 nominal, (Body size source: https://docs.google.com/spreadsheets/d/1BsfQQcO9C6DZCsRaXUlFlo91Tg2WpOkGARC1WS5S8t0/edit?usp=sharing), generated with kicad-footprint-generator")
    (tags capacitor)
    (path /5C4E54FD)
    (attr smd)
    (fp_text reference C6 (at 0 -1.65) (layer F.SilkS)
      (effects (font (size 1 1) (thickness 0.15)))
    )
    (fp_text value 1uF (at 0 1.65) (layer F.Fab)
      (effects (font (size 1 1) (thickness 0.15)))
    )
    (fp_text user %R (at 0 0) (layer F.Fab)
      (effects (font (size 0.5 0.5) (thickness 0.08)))
    )
    (fp_line (start 1.68 0.95) (end -1.68 0.95) (layer F.CrtYd) (width 0.05))
    (fp_line (start 1.68 -0.95) (end 1.68 0.95) (layer F.CrtYd) (width 0.05))
    (fp_line (start -1.68 -0.95) (end 1.68 -0.95) (layer F.CrtYd) (width 0.05))
    (fp_line (start -1.68 0.95) (end -1.68 -0.95) (layer F.CrtYd) (width 0.05))
    (fp_line (start -0.258578 0.71) (end 0.258578 0.71) (layer F.SilkS) (width 0.12))
    (fp_line (start -0.258578 -0.71) (end 0.258578 -0.71) (layer F.SilkS) (width 0.12))
    (fp_line (start 1 0.6) (end -1 0.6) (layer F.Fab) (width 0.1))
    (fp_line (start 1 -0.6) (end 1 0.6) (layer F.Fab) (width 0.1))
    (fp_line (start -1 -0.6) (end 1 -0.6) (layer F.Fab) (width 0.1))
    (fp_line (start -1 0.6) (end -1 -0.6) (layer F.Fab) (width 0.1))
    (pad 2 smd roundrect (at 0.9375 0) (size 0.975 1.4) (layers F.Cu F.Paste F.Mask) (roundrect_rratio 0.25)
      (net 2 GND))
    (pad 1 smd roundrect (at -0.9375 0) (size 0.975 1.4) (layers F.Cu F.Paste F.Mask) (roundrect_rratio 0.25)
      (net 7 "Net-(C6-Pad1)"))
    (model ${KISYS3DMOD}/Capacitor_SMD.3dshapes/C_0805_2012Metric.wrl
      (at (xyz 0 0 0))
      (scale (xyz 1 1 1))
      (rotate (xyz 0 0 0))
    )
  )

  (module Capacitor_SMD:C_0805_2012Metric (layer F.Cu) (tedit 5B36C52B) (tstamp 5C5E3898)
    (at 81.475298 89.512131)
    (descr "Capacitor SMD 0805 (2012 Metric), square (rectangular) end terminal, IPC_7351 nominal, (Body size source: https://docs.google.com/spreadsheets/d/1BsfQQcO9C6DZCsRaXUlFlo91Tg2WpOkGARC1WS5S8t0/edit?usp=sharing), generated with kicad-footprint-generator")
    (tags capacitor)
    (path /5C4E8437)
    (attr smd)
    (fp_text reference C7 (at 0 -1.65) (layer F.SilkS)
      (effects (font (size 1 1) (thickness 0.15)))
    )
    (fp_text value 1uF (at 0 1.65) (layer F.Fab)
      (effects (font (size 1 1) (thickness 0.15)))
    )
    (fp_line (start -1 0.6) (end -1 -0.6) (layer F.Fab) (width 0.1))
    (fp_line (start -1 -0.6) (end 1 -0.6) (layer F.Fab) (width 0.1))
    (fp_line (start 1 -0.6) (end 1 0.6) (layer F.Fab) (width 0.1))
    (fp_line (start 1 0.6) (end -1 0.6) (layer F.Fab) (width 0.1))
    (fp_line (start -0.258578 -0.71) (end 0.258578 -0.71) (layer F.SilkS) (width 0.12))
    (fp_line (start -0.258578 0.71) (end 0.258578 0.71) (layer F.SilkS) (width 0.12))
    (fp_line (start -1.68 0.95) (end -1.68 -0.95) (layer F.CrtYd) (width 0.05))
    (fp_line (start -1.68 -0.95) (end 1.68 -0.95) (layer F.CrtYd) (width 0.05))
    (fp_line (start 1.68 -0.95) (end 1.68 0.95) (layer F.CrtYd) (width 0.05))
    (fp_line (start 1.68 0.95) (end -1.68 0.95) (layer F.CrtYd) (width 0.05))
    (fp_text user %R (at 0 0) (layer F.Fab)
      (effects (font (size 0.5 0.5) (thickness 0.08)))
    )
    (pad 1 smd roundrect (at -0.9375 0) (size 0.975 1.4) (layers F.Cu F.Paste F.Mask) (roundrect_rratio 0.25)
      (net 8 "Net-(C7-Pad1)"))
    (pad 2 smd roundrect (at 0.9375 0) (size 0.975 1.4) (layers F.Cu F.Paste F.Mask) (roundrect_rratio 0.25)
      (net 2 GND))
    (model ${KISYS3DMOD}/Capacitor_SMD.3dshapes/C_0805_2012Metric.wrl
      (at (xyz 0 0 0))
      (scale (xyz 1 1 1))
      (rotate (xyz 0 0 0))
    )
  )

  (module Capacitor_SMD:C_0805_2012Metric (layer F.Cu) (tedit 5B36C52B) (tstamp 5C5255C3)
    (at 81.477303 92.809945)
    (descr "Capacitor SMD 0805 (2012 Metric), square (rectangular) end terminal, IPC_7351 nominal, (Body size source: https://docs.google.com/spreadsheets/d/1BsfQQcO9C6DZCsRaXUlFlo91Tg2WpOkGARC1WS5S8t0/edit?usp=sharing), generated with kicad-footprint-generator")
    (tags capacitor)
    (path /5C4E8451)
    (attr smd)
    (fp_text reference C8 (at 0 -1.65) (layer F.SilkS)
      (effects (font (size 1 1) (thickness 0.15)))
    )
    (fp_text value 1uF (at 0 1.65) (layer F.Fab)
      (effects (font (size 1 1) (thickness 0.15)))
    )
    (fp_text user %R (at 0 0) (layer F.Fab)
      (effects (font (size 0.5 0.5) (thickness 0.08)))
    )
    (fp_line (start 1.68 0.95) (end -1.68 0.95) (layer F.CrtYd) (width 0.05))
    (fp_line (start 1.68 -0.95) (end 1.68 0.95) (layer F.CrtYd) (width 0.05))
    (fp_line (start -1.68 -0.95) (end 1.68 -0.95) (layer F.CrtYd) (width 0.05))
    (fp_line (start -1.68 0.95) (end -1.68 -0.95) (layer F.CrtYd) (width 0.05))
    (fp_line (start -0.258578 0.71) (end 0.258578 0.71) (layer F.SilkS) (width 0.12))
    (fp_line (start -0.258578 -0.71) (end 0.258578 -0.71) (layer F.SilkS) (width 0.12))
    (fp_line (start 1 0.6) (end -1 0.6) (layer F.Fab) (width 0.1))
    (fp_line (start 1 -0.6) (end 1 0.6) (layer F.Fab) (width 0.1))
    (fp_line (start -1 -0.6) (end 1 -0.6) (layer F.Fab) (width 0.1))
    (fp_line (start -1 0.6) (end -1 -0.6) (layer F.Fab) (width 0.1))
    (pad 2 smd roundrect (at 0.9375 0) (size 0.975 1.4) (layers F.Cu F.Paste F.Mask) (roundrect_rratio 0.25)
      (net 2 GND))
    (pad 1 smd roundrect (at -0.9375 0) (size 0.975 1.4) (layers F.Cu F.Paste F.Mask) (roundrect_rratio 0.25)
      (net 9 "Net-(C8-Pad1)"))
    (model ${KISYS3DMOD}/Capacitor_SMD.3dshapes/C_0805_2012Metric.wrl
      (at (xyz 0 0 0))
      (scale (xyz 1 1 1))
      (rotate (xyz 0 0 0))
    )
  )

  (module Capacitor_SMD:C_0805_2012Metric (layer F.Cu) (tedit 5B36C52B) (tstamp 5C5E38BA)
    (at 81.512984 96.047589)
    (descr "Capacitor SMD 0805 (2012 Metric), square (rectangular) end terminal, IPC_7351 nominal, (Body size source: https://docs.google.com/spreadsheets/d/1BsfQQcO9C6DZCsRaXUlFlo91Tg2WpOkGARC1WS5S8t0/edit?usp=sharing), generated with kicad-footprint-generator")
    (tags capacitor)
    (path /5C4E846B)
    (attr smd)
    (fp_text reference C9 (at -0.042484 -1.559589) (layer F.SilkS)
      (effects (font (size 1 1) (thickness 0.15)))
    )
    (fp_text value 1uF (at 0 1.65) (layer F.Fab)
      (effects (font (size 1 1) (thickness 0.15)))
    )
    (fp_line (start -1 0.6) (end -1 -0.6) (layer F.Fab) (width 0.1))
    (fp_line (start -1 -0.6) (end 1 -0.6) (layer F.Fab) (width 0.1))
    (fp_line (start 1 -0.6) (end 1 0.6) (layer F.Fab) (width 0.1))
    (fp_line (start 1 0.6) (end -1 0.6) (layer F.Fab) (width 0.1))
    (fp_line (start -0.258578 -0.71) (end 0.258578 -0.71) (layer F.SilkS) (width 0.12))
    (fp_line (start -0.258578 0.71) (end 0.258578 0.71) (layer F.SilkS) (width 0.12))
    (fp_line (start -1.68 0.95) (end -1.68 -0.95) (layer F.CrtYd) (width 0.05))
    (fp_line (start -1.68 -0.95) (end 1.68 -0.95) (layer F.CrtYd) (width 0.05))
    (fp_line (start 1.68 -0.95) (end 1.68 0.95) (layer F.CrtYd) (width 0.05))
    (fp_line (start 1.68 0.95) (end -1.68 0.95) (layer F.CrtYd) (width 0.05))
    (fp_text user %R (at 0 0) (layer F.Fab)
      (effects (font (size 0.5 0.5) (thickness 0.08)))
    )
    (pad 1 smd roundrect (at -0.9375 0) (size 0.975 1.4) (layers F.Cu F.Paste F.Mask) (roundrect_rratio 0.25)
      (net 10 "Net-(C9-Pad1)"))
    (pad 2 smd roundrect (at 0.9375 0) (size 0.975 1.4) (layers F.Cu F.Paste F.Mask) (roundrect_rratio 0.25)
      (net 2 GND))
    (model ${KISYS3DMOD}/Capacitor_SMD.3dshapes/C_0805_2012Metric.wrl
      (at (xyz 0 0 0))
      (scale (xyz 1 1 1))
      (rotate (xyz 0 0 0))
    )
  )

  (module Capacitor_SMD:C_0805_2012Metric (layer F.Cu) (tedit 5B36C52B) (tstamp 5C5E6650)
    (at 81.487892 99.350424)
    (descr "Capacitor SMD 0805 (2012 Metric), square (rectangular) end terminal, IPC_7351 nominal, (Body size source: https://docs.google.com/spreadsheets/d/1BsfQQcO9C6DZCsRaXUlFlo91Tg2WpOkGARC1WS5S8t0/edit?usp=sharing), generated with kicad-footprint-generator")
    (tags capacitor)
    (path /5C4E8485)
    (attr smd)
    (fp_text reference C10 (at 0 -1.65) (layer F.SilkS)
      (effects (font (size 1 1) (thickness 0.15)))
    )
    (fp_text value 1uF (at 0 1.65) (layer F.Fab)
      (effects (font (size 1 1) (thickness 0.15)))
    )
    (fp_text user %R (at 0 0) (layer F.Fab)
      (effects (font (size 0.5 0.5) (thickness 0.08)))
    )
    (fp_line (start 1.68 0.95) (end -1.68 0.95) (layer F.CrtYd) (width 0.05))
    (fp_line (start 1.68 -0.95) (end 1.68 0.95) (layer F.CrtYd) (width 0.05))
    (fp_line (start -1.68 -0.95) (end 1.68 -0.95) (layer F.CrtYd) (width 0.05))
    (fp_line (start -1.68 0.95) (end -1.68 -0.95) (layer F.CrtYd) (width 0.05))
    (fp_line (start -0.258578 0.71) (end 0.258578 0.71) (layer F.SilkS) (width 0.12))
    (fp_line (start -0.258578 -0.71) (end 0.258578 -0.71) (layer F.SilkS) (width 0.12))
    (fp_line (start 1 0.6) (end -1 0.6) (layer F.Fab) (width 0.1))
    (fp_line (start 1 -0.6) (end 1 0.6) (layer F.Fab) (width 0.1))
    (fp_line (start -1 -0.6) (end 1 -0.6) (layer F.Fab) (width 0.1))
    (fp_line (start -1 0.6) (end -1 -0.6) (layer F.Fab) (width 0.1))
    (pad 2 smd roundrect (at 0.9375 0) (size 0.975 1.4) (layers F.Cu F.Paste F.Mask) (roundrect_rratio 0.25)
      (net 2 GND))
    (pad 1 smd roundrect (at -0.9375 0) (size 0.975 1.4) (layers F.Cu F.Paste F.Mask) (roundrect_rratio 0.25)
      (net 11 "Net-(C10-Pad1)"))
    (model ${KISYS3DMOD}/Capacitor_SMD.3dshapes/C_0805_2012Metric.wrl
      (at (xyz 0 0 0))
      (scale (xyz 1 1 1))
      (rotate (xyz 0 0 0))
    )
  )

  (module Capacitor_SMD:C_0805_2012Metric (layer F.Cu) (tedit 5B36C52B) (tstamp 5C52A523)
    (at 81.392 102.743)
    (descr "Capacitor SMD 0805 (2012 Metric), square (rectangular) end terminal, IPC_7351 nominal, (Body size source: https://docs.google.com/spreadsheets/d/1BsfQQcO9C6DZCsRaXUlFlo91Tg2WpOkGARC1WS5S8t0/edit?usp=sharing), generated with kicad-footprint-generator")
    (tags capacitor)
    (path /5C4E849F)
    (attr smd)
    (fp_text reference C11 (at 0 -1.65) (layer F.SilkS)
      (effects (font (size 1 1) (thickness 0.15)))
    )
    (fp_text value 1uF (at 0 1.65) (layer F.Fab)
      (effects (font (size 1 1) (thickness 0.15)))
    )
    (fp_line (start -1 0.6) (end -1 -0.6) (layer F.Fab) (width 0.1))
    (fp_line (start -1 -0.6) (end 1 -0.6) (layer F.Fab) (width 0.1))
    (fp_line (start 1 -0.6) (end 1 0.6) (layer F.Fab) (width 0.1))
    (fp_line (start 1 0.6) (end -1 0.6) (layer F.Fab) (width 0.1))
    (fp_line (start -0.258578 -0.71) (end 0.258578 -0.71) (layer F.SilkS) (width 0.12))
    (fp_line (start -0.258578 0.71) (end 0.258578 0.71) (layer F.SilkS) (width 0.12))
    (fp_line (start -1.68 0.95) (end -1.68 -0.95) (layer F.CrtYd) (width 0.05))
    (fp_line (start -1.68 -0.95) (end 1.68 -0.95) (layer F.CrtYd) (width 0.05))
    (fp_line (start 1.68 -0.95) (end 1.68 0.95) (layer F.CrtYd) (width 0.05))
    (fp_line (start 1.68 0.95) (end -1.68 0.95) (layer F.CrtYd) (width 0.05))
    (fp_text user %R (at 0 0) (layer F.Fab)
      (effects (font (size 0.5 0.5) (thickness 0.08)))
    )
    (pad 1 smd roundrect (at -0.9375 0) (size 0.975 1.4) (layers F.Cu F.Paste F.Mask) (roundrect_rratio 0.25)
      (net 12 "Net-(C11-Pad1)"))
    (pad 2 smd roundrect (at 0.9375 0) (size 0.975 1.4) (layers F.Cu F.Paste F.Mask) (roundrect_rratio 0.25)
      (net 2 GND))
    (model ${KISYS3DMOD}/Capacitor_SMD.3dshapes/C_0805_2012Metric.wrl
      (at (xyz 0 0 0))
      (scale (xyz 1 1 1))
      (rotate (xyz 0 0 0))
    )
  )

  (module Capacitor_SMD:C_0805_2012Metric (layer F.Cu) (tedit 5B36C52B) (tstamp 5C52A583)
    (at 81.3666 106.1339)
    (descr "Capacitor SMD 0805 (2012 Metric), square (rectangular) end terminal, IPC_7351 nominal, (Body size source: https://docs.google.com/spreadsheets/d/1BsfQQcO9C6DZCsRaXUlFlo91Tg2WpOkGARC1WS5S8t0/edit?usp=sharing), generated with kicad-footprint-generator")
    (tags capacitor)
    (path /5C4E84B9)
    (attr smd)
    (fp_text reference C12 (at 0 -1.65) (layer F.SilkS)
      (effects (font (size 1 1) (thickness 0.15)))
    )
    (fp_text value 1uF (at 0 1.65) (layer F.Fab)
      (effects (font (size 1 1) (thickness 0.15)))
    )
    (fp_text user %R (at 0 0) (layer F.Fab)
      (effects (font (size 0.5 0.5) (thickness 0.08)))
    )
    (fp_line (start 1.68 0.95) (end -1.68 0.95) (layer F.CrtYd) (width 0.05))
    (fp_line (start 1.68 -0.95) (end 1.68 0.95) (layer F.CrtYd) (width 0.05))
    (fp_line (start -1.68 -0.95) (end 1.68 -0.95) (layer F.CrtYd) (width 0.05))
    (fp_line (start -1.68 0.95) (end -1.68 -0.95) (layer F.CrtYd) (width 0.05))
    (fp_line (start -0.258578 0.71) (end 0.258578 0.71) (layer F.SilkS) (width 0.12))
    (fp_line (start -0.258578 -0.71) (end 0.258578 -0.71) (layer F.SilkS) (width 0.12))
    (fp_line (start 1 0.6) (end -1 0.6) (layer F.Fab) (width 0.1))
    (fp_line (start 1 -0.6) (end 1 0.6) (layer F.Fab) (width 0.1))
