(kicad_pcb (version 20171130) (host pcbnew "(5.0.0)")

  (general
    (thickness 1.6)
    (drawings 11)
    (tracks 464)
    (zones 0)
    (modules 72)
    (nets 70)
  )

  (page A4)
  (layers
    (0 F.Cu signal)
    (31 B.Cu signal)
    (32 B.Adhes user)
    (33 F.Adhes user)
    (34 B.Paste user)
    (35 F.Paste user)
    (36 B.SilkS user)
    (37 F.SilkS user)
    (38 B.Mask user)
    (39 F.Mask user)
    (40 Dwgs.User user)
    (41 Cmts.User user)
    (42 Eco1.User user)
    (43 Eco2.User user)
    (44 Edge.Cuts user)
    (45 Margin user)
    (46 B.CrtYd user)
    (47 F.CrtYd user)
    (48 B.Fab user)
    (49 F.Fab user)
  )

  (setup
    (last_trace_width 0.381)
    (user_trace_width 0.2032)
    (user_trace_width 0.254)
    (user_trace_width 0.381)
    (user_trace_width 0.508)
    (trace_clearance 0.18796)
    (zone_clearance 0.508)
    (zone_45_only no)
    (trace_min 0.2)
    (segment_width 0.2)
    (edge_width 0.15)
    (via_size 0.8)
    (via_drill 0.4)
    (via_min_size 0.4)
    (via_min_drill 0.3)
    (user_via 0.6 0.3)
    (uvia_size 0.3)
    (uvia_drill 0.1)
    (uvias_allowed no)
    (uvia_min_size 0.2)
    (uvia_min_drill 0.1)
    (pcb_text_width 0.3)
    (pcb_text_size 1.5 1.5)
    (mod_edge_width 0.15)
    (mod_text_size 1 1)
    (mod_text_width 0.15)
    (pad_size 1.524 1.524)
    (pad_drill 0.762)
    (pad_to_mask_clearance 0.2)
    (aux_axis_origin 0 0)
    (visible_elements FFFFFF7F)
    (pcbplotparams
      (layerselection 0x010fc_ffffffff)
      (usegerberextensions false)
      (usegerberattributes false)
      (usegerberadvancedattributes false)
      (creategerberjobfile false)
      (excludeedgelayer true)
      (linewidth 0.100000)
      (plotframeref false)
      (viasonmask false)
      (mode 1)
      (useauxorigin false)
      (hpglpennumber 1)
      (hpglpenspeed 20)
      (hpglpendiameter 15.000000)
      (psnegative false)
      (psa4output false)
      (plotreference true)
      (plotvalue true)
      (plotinvisibletext false)
      (padsonsilk false)
      (subtractmaskfromsilk false)
      (outputformat 1)
      (mirror false)
      (drillshape 1)
      (scaleselection 1)
      (outputdirectory ""))
  )

  (net 0 "")
  (net 1 "Net-(C1-Pad1)")
  (net 2 GND)
  (net 3 "Net-(C2-Pad1)")
  (net 4 "Net-(C2-Pad2)")
  (net 5 "Net-(C3-Pad1)")
  (net 6 "Net-(C4-Pad1)")
  (net 7 "Net-(C5-Pad1)")
  (net 8 "Net-(C6-Pad1)")
  (net 9 "Net-(C11-Pad2)")
  (net 10 "Net-(C8-Pad1)")
  (net 11 "Net-(C9-Pad1)")
  (net 12 /VREG)
  (net 13 "Net-(C11-Pad1)")
  (net 14 "Net-(C12-Pad1)")
  (net 15 "Net-(C13-Pad1)")
  (net 16 "Net-(C14-Pad1)")
  (net 17 "Net-(C15-Pad1)")
  (net 18 "Net-(C16-Pad1)")
  (net 19 "Net-(C17-Pad1)")
  (net 20 "Net-(C18-Pad1)")
  (net 21 "Net-(C19-Pad1)")
  (net 22 "Net-(C20-Pad1)")
  (net 23 "Net-(J1-Pad1)")
  (net 24 "Net-(J1-Pad2)")
  (net 25 "Net-(J2-Pad2)")
  (net 26 "Net-(J2-Pad1)")
  (net 27 /Batt7)
  (net 28 /Batt8)
  (net 29 /Batt9)
  (net 30 /Batt10)
  (net 31 /Batt11)
  (net 32 /Batt12)
  (net 33 /Batt1)
  (net 34 /Batt2)
  (net 35 /Batt3)
  (net 36 /Batt4)
  (net 37 /Batt5)
  (net 38 /Batt6)
  (net 39 "Net-(Q1-Pad1)")
  (net 40 "Net-(Q1-Pad3)")
  (net 41 "Net-(Q2-Pad3)")
  (net 42 "Net-(Q2-Pad1)")
  (net 43 "Net-(Q3-Pad1)")
  (net 44 "Net-(Q3-Pad3)")
  (net 45 "Net-(Q4-Pad1)")
  (net 46 "Net-(Q4-Pad3)")
  (net 47 "Net-(Q5-Pad1)")
  (net 48 "Net-(Q6-Pad3)")
  (net 49 "Net-(Q6-Pad1)")
  (net 50 "Net-(Q7-Pad3)")
  (net 51 "Net-(Q7-Pad1)")
  (net 52 "Net-(Q8-Pad3)")
  (net 53 "Net-(Q8-Pad1)")
  (net 54 "Net-(Q9-Pad1)")
  (net 55 "Net-(Q9-Pad3)")
  (net 56 "Net-(Q10-Pad1)")
  (net 57 "Net-(Q10-Pad3)")
  (net 58 "Net-(Q11-Pad3)")
  (net 59 "Net-(Q11-Pad1)")
  (net 60 "Net-(Q12-Pad1)")
  (net 61 "Net-(Q12-Pad3)")
  (net 62 "Net-(Q13-Pad3)")
  (net 63 "Net-(Q13-Pad1)")
  (net 64 "Net-(R16-Pad1)")
  (net 65 "Net-(R16-Pad2)")
  (net 66 /IPA)
  (net 67 /IMA)
  (net 68 /IPB)
  (net 69 /IMB)

  (net_class Default "This is the default net class."
    (clearance 0.18796)
    (trace_width 0.25)
    (via_dia 0.8)
    (via_drill 0.4)
    (uvia_dia 0.3)
    (uvia_drill 0.1)
    (add_net /Batt1)
    (add_net /Batt10)
    (add_net /Batt11)
    (add_net /Batt12)
    (add_net /Batt2)
    (add_net /Batt3)
    (add_net /Batt4)
    (add_net /Batt5)
    (add_net /Batt6)
    (add_net /Batt7)
    (add_net /Batt8)
    (add_net /Batt9)
    (add_net /IMA)
    (add_net /IMB)
    (add_net /IPA)
    (add_net /IPB)
    (add_net /VREG)
    (add_net GND)
    (add_net "Net-(C1-Pad1)")
    (add_net "Net-(C11-Pad1)")
    (add_net "Net-(C11-Pad2)")
    (add_net "Net-(C12-Pad1)")
    (add_net "Net-(C13-Pad1)")
    (add_net "Net-(C14-Pad1)")
    (add_net "Net-(C15-Pad1)")
    (add_net "Net-(C16-Pad1)")
    (add_net "Net-(C17-Pad1)")
    (add_net "Net-(C18-Pad1)")
    (add_net "Net-(C19-Pad1)")
    (add_net "Net-(C2-Pad1)")
    (add_net "Net-(C2-Pad2)")
    (add_net "Net-(C20-Pad1)")
    (add_net "Net-(C3-Pad1)")
    (add_net "Net-(C4-Pad1)")
    (add_net "Net-(C5-Pad1)")
    (add_net "Net-(C6-Pad1)")
    (add_net "Net-(C8-Pad1)")
    (add_net "Net-(C9-Pad1)")
    (add_net "Net-(J1-Pad1)")
    (add_net "Net-(J1-Pad2)")
    (add_net "Net-(J2-Pad1)")
    (add_net "Net-(J2-Pad2)")
    (add_net "Net-(Q1-Pad1)")
    (add_net "Net-(Q1-Pad3)")
    (add_net "Net-(Q10-Pad1)")
    (add_net "Net-(Q10-Pad3)")
    (add_net "Net-(Q11-Pad1)")
    (add_net "Net-(Q11-Pad3)")
    (add_net "Net-(Q12-Pad1)")
    (add_net "Net-(Q12-Pad3)")
    (add_net "Net-(Q13-Pad1)")
    (add_net "Net-(Q13-Pad3)")
    (add_net "Net-(Q2-Pad1)")
    (add_net "Net-(Q2-Pad3)")
    (add_net "Net-(Q3-Pad1)")
    (add_net "Net-(Q3-Pad3)")
    (add_net "Net-(Q4-Pad1)")
    (add_net "Net-(Q4-Pad3)")
    (add_net "Net-(Q5-Pad1)")
    (add_net "Net-(Q6-Pad1)")
    (add_net "Net-(Q6-Pad3)")
    (add_net "Net-(Q7-Pad1)")
    (add_net "Net-(Q7-Pad3)")
    (add_net "Net-(Q8-Pad1)")
    (add_net "Net-(Q8-Pad3)")
    (add_net "Net-(Q9-Pad1)")
    (add_net "Net-(Q9-Pad3)")
    (add_net "Net-(R16-Pad1)")
    (add_net "Net-(R16-Pad2)")
  )

  (module Package_SO:SSOP-48_7.5x15.9mm_P0.635mm (layer F.Cu) (tedit 5A02F25C) (tstamp 5C656A70)
    (at 206.248 51.816)
    (descr "SSOP48: plastic shrink small outline package; 48 leads; body width 7.5 mm; (see NXP SSOP-TSSOP-VSO-REFLOW.pdf and sot370-1_po.pdf)")
    (tags "SSOP 0.635")
    (path /5C356477)
    (attr smd)
    (fp_text reference U1 (at 0 -9) (layer F.SilkS)
      (effects (font (size 1 1) (thickness 0.15)))
    )
    (fp_text value LTC6811-1 (at 0 9) (layer F.Fab)
      (effects (font (size 1 1) (thickness 0.15)))
    )
    (fp_line (start -2.75 -7.95) (end 3.75 -7.95) (layer F.Fab) (width 0.15))
    (fp_line (start 3.75 -7.95) (end 3.75 7.95) (layer F.Fab) (width 0.15))
    (fp_line (start 3.75 7.95) (end -3.75 7.95) (layer F.Fab) (width 0.15))
    (fp_line (start -3.75 7.95) (end -3.75 -6.95) (layer F.Fab) (width 0.15))
    (fp_line (start -3.75 -6.95) (end -2.75 -7.95) (layer F.Fab) (width 0.15))
    (fp_line (start -5.55 -8.25) (end -5.55 8.25) (layer F.CrtYd) (width 0.05))
    (fp_line (start 5.55 -8.25) (end 5.55 8.25) (layer F.CrtYd) (width 0.05))
    (fp_line (start -5.55 -8.25) (end 5.55 -8.25) (layer F.CrtYd) (width 0.05))
    (fp_line (start -5.55 8.25) (end 5.55 8.25) (layer F.CrtYd) (width 0.05))
    (fp_line (start -3.875 -8.075) (end -3.875 -7.825) (layer F.SilkS) (width 0.15))
    (fp_line (start 3.875 -8.075) (end 3.875 -7.7275) (layer F.SilkS) (width 0.15))
    (fp_line (start 3.875 8.075) (end 3.875 7.7275) (layer F.SilkS) (width 0.15))
    (fp_line (start -3.875 8.075) (end -3.875 7.7275) (layer F.SilkS) (width 0.15))
    (fp_line (start -3.875 -8.075) (end 3.875 -8.075) (layer F.SilkS) (width 0.15))
    (fp_line (start -3.875 8.075) (end 3.875 8.075) (layer F.SilkS) (width 0.15))
    (fp_line (start -3.875 -7.825) (end -5.3 -7.825) (layer F.SilkS) (width 0.15))
    (fp_text user %R (at 0 0) (layer F.Fab)
      (effects (font (size 0.8 0.8) (thickness 0.15)))
    )
    (pad 1 smd rect (at -4.7 -7.3025) (size 1.2 0.4) (layers F.Cu F.Paste F.Mask)
      (net 5 "Net-(C3-Pad1)"))
    (pad 2 smd rect (at -4.7 -6.6675) (size 1.2 0.4) (layers F.Cu F.Paste F.Mask)
      (net 4 "Net-(C2-Pad2)"))
    (pad 3 smd rect (at -4.7 -6.0325) (size 1.2 0.4) (layers F.Cu F.Paste F.Mask)
      (net 39 "Net-(Q1-Pad1)"))
    (pad 4 smd rect (at -4.7 -5.3975) (size 1.2 0.4) (layers F.Cu F.Paste F.Mask)
      (net 3 "Net-(C2-Pad1)"))
    (pad 5 smd rect (at -4.7 -4.7625) (size 1.2 0.4) (layers F.Cu F.Paste F.Mask)
      (net 42 "Net-(Q2-Pad1)"))
    (pad 6 smd rect (at -4.7 -4.1275) (size 1.2 0.4) (layers F.Cu F.Paste F.Mask)
      (net 6 "Net-(C4-Pad1)"))
    (pad 7 smd rect (at -4.7 -3.4925) (size 1.2 0.4) (layers F.Cu F.Paste F.Mask)
      (net 43 "Net-(Q3-Pad1)"))
    (pad 8 smd rect (at -4.7 -2.8575) (size 1.2 0.4) (layers F.Cu F.Paste F.Mask)
      (net 7 "Net-(C5-Pad1)"))
    (pad 9 smd rect (at -4.7 -2.2225) (size 1.2 0.4) (layers F.Cu F.Paste F.Mask)
      (net 45 "Net-(Q4-Pad1)"))
    (pad 10 smd rect (at -4.7 -1.5875) (size 1.2 0.4) (layers F.Cu F.Paste F.Mask)
      (net 8 "Net-(C6-Pad1)"))
    (pad 11 smd rect (at -4.7 -0.9525) (size 1.2 0.4) (layers F.Cu F.Paste F.Mask)
      (net 49 "Net-(Q6-Pad1)"))
    (pad 12 smd rect (at -4.7 -0.3175) (size 1.2 0.4) (layers F.Cu F.Paste F.Mask)
      (net 9 "Net-(C11-Pad2)"))
    (pad 13 smd rect (at -4.7 0.3175) (size 1.2 0.4) (layers F.Cu F.Paste F.Mask)
      (net 51 "Net-(Q7-Pad1)"))
    (pad 14 smd rect (at -4.7 0.9525) (size 1.2 0.4) (layers F.Cu F.Paste F.Mask)
      (net 13 "Net-(C11-Pad1)"))
    (pad 15 smd rect (at -4.7 1.5875) (size 1.2 0.4) (layers F.Cu F.Paste F.Mask)
      (net 53 "Net-(Q8-Pad1)"))
    (pad 16 smd rect (at -4.7 2.2225) (size 1.2 0.4) (layers F.Cu F.Paste F.Mask)
      (net 14 "Net-(C12-Pad1)"))
    (pad 17 smd rect (at -4.7 2.8575) (size 1.2 0.4) (layers F.Cu F.Paste F.Mask)
      (net 54 "Net-(Q9-Pad1)"))
    (pad 18 smd rect (at -4.7 3.4925) (size 1.2 0.4) (layers F.Cu F.Paste F.Mask)
      (net 15 "Net-(C13-Pad1)"))
    (pad 19 smd rect (at -4.7 4.1275) (size 1.2 0.4) (layers F.Cu F.Paste F.Mask)
      (net 56 "Net-(Q10-Pad1)"))
    (pad 20 smd rect (at -4.7 4.7625) (size 1.2 0.4) (layers F.Cu F.Paste F.Mask)
      (net 18 "Net-(C16-Pad1)"))
    (pad 21 smd rect (at -4.7 5.3975) (size 1.2 0.4) (layers F.Cu F.Paste F.Mask)
      (net 59 "Net-(Q11-Pad1)"))
    (pad 22 smd rect (at -4.7 6.0325) (size 1.2 0.4) (layers F.Cu F.Paste F.Mask)
      (net 21 "Net-(C19-Pad1)"))
    (pad 23 smd rect (at -4.7 6.6675) (size 1.2 0.4) (layers F.Cu F.Paste F.Mask)
      (net 60 "Net-(Q12-Pad1)"))
    (pad 24 smd rect (at -4.7 7.3025) (size 1.2 0.4) (layers F.Cu F.Paste F.Mask)
      (net 22 "Net-(C20-Pad1)"))
    (pad 25 smd rect (at 4.7 7.3025) (size 1.2 0.4) (layers F.Cu F.Paste F.Mask)
      (net 63 "Net-(Q13-Pad1)"))
    (pad 26 smd rect (at 4.7 6.6675) (size 1.2 0.4) (layers F.Cu F.Paste F.Mask)
      (net 2 GND))
    (pad 27 smd rect (at 4.7 6.0325) (size 1.2 0.4) (layers F.Cu F.Paste F.Mask))
    (pad 28 smd rect (at 4.7 5.3975) (size 1.2 0.4) (layers F.Cu F.Paste F.Mask))
    (pad 29 smd rect (at 4.7 4.7625) (size 1.2 0.4) (layers F.Cu F.Paste F.Mask))
    (pad 30 smd rect (at 4.7 4.1275) (size 1.2 0.4) (layers F.Cu F.Paste F.Mask)
      (net 2 GND))
    (pad 31 smd rect (at 4.7 3.4925) (size 1.2 0.4) (layers F.Cu F.Paste F.Mask)
      (net 2 GND))
    (pad 32 smd rect (at 4.7 2.8575) (size 1.2 0.4) (layers F.Cu F.Paste F.Mask))
    (pad 33 smd rect (at 4.7 2.2225) (size 1.2 0.4) (layers F.Cu F.Paste F.Mask))
    (pad 34 smd rect (at 4.7 1.5875) (size 1.2 0.4) (layers F.Cu F.Paste F.Mask)
      (net 10 "Net-(C8-Pad1)"))
    (pad 35 smd rect (at 4.7 0.9525) (size 1.2 0.4) (layers F.Cu F.Paste F.Mask)
      (net 11 "Net-(C9-Pad1)"))
    (pad 36 smd rect (at 4.7 0.3175) (size 1.2 0.4) (layers F.Cu F.Paste F.Mask)
      (net 2 GND))
    (pad 37 smd rect (at 4.7 -0.3175) (size 1.2 0.4) (layers F.Cu F.Paste F.Mask)
      (net 12 /VREG))
    (pad 38 smd rect (at 4.7 -0.9525) (size 1.2 0.4) (layers F.Cu F.Paste F.Mask)
      (net 47 "Net-(Q5-Pad1)"))
    (pad 39 smd rect (at 4.7 -1.5875) (size 1.2 0.4) (layers F.Cu F.Paste F.Mask))
    (pad 40 smd rect (at 4.7 -2.2225) (size 1.2 0.4) (layers F.Cu F.Paste F.Mask)
      (net 12 /VREG))
    (pad 41 smd rect (at 4.7 -2.8575) (size 1.2 0.4) (layers F.Cu F.Paste F.Mask)
      (net 67 /IMA))
    (pad 42 smd rect (at 4.7 -3.4925) (size 1.2 0.4) (layers F.Cu F.Paste F.Mask)
      (net 66 /IPA))
    (pad 43 smd rect (at 4.7 -4.1275) (size 1.2 0.4) (layers F.Cu F.Paste F.Mask))
    (pad 44 smd rect (at 4.7 -4.7625) (size 1.2 0.4) (layers F.Cu F.Paste F.Mask))
    (pad 45 smd rect (at 4.7 -5.3975) (size 1.2 0.4) (layers F.Cu F.Paste F.Mask)
      (net 65 "Net-(R16-Pad2)"))
    (pad 46 smd rect (at 4.7 -6.0325) (size 1.2 0.4) (layers F.Cu F.Paste F.Mask)
      (net 64 "Net-(R16-Pad1)"))
    (pad 47 smd rect (at 4.7 -6.6675) (size 1.2 0.4) (layers F.Cu F.Paste F.Mask)
      (net 69 /IMB))
    (pad 48 smd rect (at 4.7 -7.3025) (size 1.2 0.4) (layers F.Cu F.Paste F.Mask)
      (net 68 /IPB))
    (model ${KISYS3DMOD}/Package_SO.3dshapes/SSOP-48_7.5x15.9mm_P0.635mm.wrl
      (at (xyz 0 0 0))
      (scale (xyz 1 1 1))
      (rotate (xyz 0 0 0))
    )
  )

  (module Package_TO_SOT_SMD:SOT-223 (layer F.Cu) (tedit 5A02FF57) (tstamp 5C65F2F7)
    (at 215.9 43.18 90)
    (descr "module CMS SOT223 4 pins")
    (tags "CMS SOT")
    (path /5CA1FC7C)
    (attr smd)
    (fp_text reference Q5 (at 0 -4.5 90) (layer F.SilkS)
      (effects (font (size 1 1) (thickness 0.15)))
    )
    (fp_text value NSV1C201MZ4 (at 0 4.5 90) (layer F.Fab)
      (effects (font (size 1 1) (thickness 0.15)))
    )
    (fp_text user %R (at 0 0 180) (layer F.Fab)
      (effects (font (size 0.8 0.8) (thickness 0.12)))
    )
    (fp_line (start -1.85 -2.3) (end -0.8 -3.35) (layer F.Fab) (width 0.1))
    (fp_line (start 1.91 3.41) (end 1.91 2.15) (layer F.SilkS) (width 0.12))
    (fp_line (start 1.91 -3.41) (end 1.91 -2.15) (layer F.SilkS) (width 0.12))
    (fp_line (start 4.4 -3.6) (end -4.4 -3.6) (layer F.CrtYd) (width 0.05))
    (fp_line (start 4.4 3.6) (end 4.4 -3.6) (layer F.CrtYd) (width 0.05))
    (fp_line (start -4.4 3.6) (end 4.4 3.6) (layer F.CrtYd) (width 0.05))
    (fp_line (start -4.4 -3.6) (end -4.4 3.6) (layer F.CrtYd) (width 0.05))
    (fp_line (start -1.85 -2.3) (end -1.85 3.35) (layer F.Fab) (width 0.1))
    (fp_line (start -1.85 3.41) (end 1.91 3.41) (layer F.SilkS) (width 0.12))
    (fp_line (start -0.8 -3.35) (end 1.85 -3.35) (layer F.Fab) (width 0.1))
    (fp_line (start -4.1 -3.41) (end 1.91 -3.41) (layer F.SilkS) (width 0.12))
    (fp_line (start -1.85 3.35) (end 1.85 3.35) (layer F.Fab) (width 0.1))
    (fp_line (start 1.85 -3.35) (end 1.85 3.35) (layer F.Fab) (width 0.1))
    (pad 4 smd rect (at 3.15 0 90) (size 2 3.8) (layers F.Cu F.Paste F.Mask)
      (net 1 "Net-(C1-Pad1)"))
    (pad 2 smd rect (at -3.15 0 90) (size 2 1.5) (layers F.Cu F.Paste F.Mask)
      (net 1 "Net-(C1-Pad1)"))
    (pad 3 smd rect (at -3.15 2.3 90) (size 2 1.5) (layers F.Cu F.Paste F.Mask)
      (net 12 /VREG))
    (pad 1 smd rect (at -3.15 -2.3 90) (size 2 1.5) (layers F.Cu F.Paste F.Mask)
      (net 47 "Net-(Q5-Pad1)"))
    (model ${KISYS3DMOD}/Package_TO_SOT_SMD.3dshapes/SOT-223.wrl
      (at (xyz 0 0 0))
      (scale (xyz 1 1 1))
      (rotate (xyz 0 0 0))
    )
  )

  (module Connector_Molex:Molex_Micro-Fit_3.0_43650-0615_1x06_P3.00mm_Vertical (layer F.Cu) (tedit 5A3535FD) (tstamp 5C6566D2)
    (at 170.688 44.196 90)
    (descr "Molex Micro-Fit 3.0 Connector System, 43650-0615 (compatible alternatives: 43650-0616, 43650-0617), 6 Pins per row (http://www.molex.com/pdm_docs/sd/436500215_sd.pdf), generated with kicad-footprint-generator")
    (tags "connector Molex Micro-Fit_3.0 side entry")
    (path /5CE06D8A)
    (fp_text reference J3 (at 7.5 -3.67 90) (layer F.SilkS)
      (effects (font (size 1 1) (thickness 0.15)))
    )
    (fp_text value Conn_01x06 (at 7.5 4.5 90) (layer F.Fab)
      (effects (font (size 1 1) (thickness 0.15)))
    )
    (fp_line (start -2.125 -1.97) (end -2.125 -2.47) (layer F.Fab) (width 0.1))
    (fp_line (start -2.125 -2.47) (end -3.325 -2.47) (layer F.Fab) (width 0.1))
    (fp_line (start -3.325 -2.47) (end -3.325 1.9) (layer F.Fab) (width 0.1))
    (fp_line (start -3.325 1.9) (end 18.325 1.9) (layer F.Fab) (width 0.1))
    (fp_line (start 18.325 1.9) (end 18.325 -2.47) (layer F.Fab) (width 0.1))
    (fp_line (start 18.325 -2.47) (end 17.125 -2.47) (layer F.Fab) (width 0.1))
    (fp_line (start 17.125 -2.47) (end 17.125 -1.97) (layer F.Fab) (width 0.1))
    (fp_line (start 17.125 -1.97) (end -2.125 -1.97) (layer F.Fab) (width 0.1))
    (fp_line (start -3.325 -1.34) (end -2.125 -1.97) (layer F.Fab) (width 0.1))
    (fp_line (start 18.325 -1.34) (end 17.125 -1.97) (layer F.Fab) (width 0.1))
    (fp_line (start 6.8 1.9) (end 6.8 3.3) (layer F.Fab) (width 0.1))
    (fp_line (start 6.8 3.3) (end 8.2 3.3) (layer F.Fab) (width 0.1))
    (fp_line (start 8.2 3.3) (end 8.2 1.9) (layer F.Fab) (width 0.1))
    (fp_line (start -0.5 -1.97) (end 0 -1.262893) (layer F.Fab) (width 0.1))
    (fp_line (start 0 -1.262893) (end 0.5 -1.97) (layer F.Fab) (width 0.1))
    (fp_line (start -3.435 -1.2) (end -3.435 2.01) (layer F.SilkS) (width 0.12))
    (fp_line (start -3.435 2.01) (end 18.435 2.01) (layer F.SilkS) (width 0.12))
    (fp_line (start 18.435 2.01) (end 18.435 -1.2) (layer F.SilkS) (width 0.12))
    (fp_line (start -2.13 -2.58) (end -2.015 -2.58) (layer F.SilkS) (width 0.12))
    (fp_line (start -2.015 -2.58) (end -2.015 -2.08) (layer F.SilkS) (width 0.12))
    (fp_line (start -2.015 -2.08) (end 17.015 -2.08) (layer F.SilkS) (width 0.12))
    (fp_line (start 17.015 -2.08) (end 17.015 -2.58) (layer F.SilkS) (width 0.12))
    (fp_line (start 17.015 -2.58) (end 17.13 -2.58) (layer F.SilkS) (width 0.12))
    (fp_line (start -3.82 -2.97) (end 18.82 -2.97) (layer F.CrtYd) (width 0.05))
    (fp_line (start 18.82 -2.97) (end 18.82 3.8) (layer F.CrtYd) (width 0.05))
    (fp_line (start 18.82 3.8) (end -3.82 3.8) (layer F.CrtYd) (width 0.05))
    (fp_line (start -3.82 3.8) (end -3.82 -2.97) (layer F.CrtYd) (width 0.05))
    (fp_text user %R (at 7.5 1.2 90) (layer F.Fab)
      (effects (font (size 1 1) (thickness 0.15)))
    )
    (pad "" np_thru_hole circle (at -3 -1.96 90) (size 1 1) (drill 1) (layers *.Cu *.Mask))
    (pad "" np_thru_hole circle (at 18 -1.96 90) (size 1 1) (drill 1) (layers *.Cu *.Mask))
    (pad 1 thru_hole rect (at 0 0 90) (size 1.5 2) (drill 1) (layers *.Cu *.Mask)
      (net 27 /Batt7))
    (pad 2 thru_hole oval (at 3 0 90) (size 1.5 2) (drill 1) (layers *.Cu *.Mask)
      (net 28 /Batt8))
    (pad 3 thru_hole oval (at 6 0 90) (size 1.5 2) (drill 1) (layers *.Cu *.Mask)
      (net 29 /Batt9))
    (pad 4 thru_hole oval (at 9 0 90) (size 1.5 2) (drill 1) (layers *.Cu *.Mask)
      (net 30 /Batt10))
    (pad 5 thru_hole oval (at 12 0 90) (size 1.5 2) (drill 1) (layers *.Cu *.Mask)
      (net 31 /Batt11))
    (pad 6 thru_hole oval (at 15 0 90) (size 1.5 2) (drill 1) (layers *.Cu *.Mask)
      (net 32 /Batt12))
    (model ${KISYS3DMOD}/Connector_Molex.3dshapes/Molex_Micro-Fit_3.0_43650-0615_1x06_P3.00mm_Vertical.wrl
      (at (xyz 0 0 0))
      (scale (xyz 1 1 1))
      (rotate (xyz 0 0 0))
    )
  )

  (module Capacitor_SMD:C_0805_2012Metric (layer F.Cu) (tedit 5B36C52B) (tstamp 5C65EF08)
    (at 205.232 35.4815 270)
    (descr "Capacitor SMD 0805 (2012 Metric), square (rectangular) end terminal, IPC_7351 nominal, (Body size source: https://docs.google.com/spreadsheets/d/1BsfQQcO9C6DZCsRaXUlFlo91Tg2WpOkGARC1WS5S8t0/edit?usp=sharing), generated with kicad-footprint-generator")
    (tags capacitor)
    (path /5C8B121A)
    (attr smd)
    (fp_text reference C1 (at 0 -1.65 270) (layer F.SilkS)
      (effects (font (size 1 1) (thickness 0.15)))
    )
    (fp_text value 100nF (at 0 1.65 270) (layer F.Fab)
      (effects (font (size 1 1) (thickness 0.15)))
    )
    (fp_line (start -1 0.6) (end -1 -0.6) (layer F.Fab) (width 0.1))
    (fp_line (start -1 -0.6) (end 1 -0.6) (layer F.Fab) (width 0.1))
    (fp_line (start 1 -0.6) (end 1 0.6) (layer F.Fab) (width 0.1))
    (fp_line (start 1 0.6) (end -1 0.6) (layer F.Fab) (width 0.1))
    (fp_line (start -0.258578 -0.71) (end 0.258578 -0.71) (layer F.SilkS) (width 0.12))
    (fp_line (start -0.258578 0.71) (end 0.258578 0.71) (layer F.SilkS) (width 0.12))
    (fp_line (start -1.68 0.95) (end -1.68 -0.95) (layer F.CrtYd) (width 0.05))
    (fp_line (start -1.68 -0.95) (end 1.68 -0.95) (layer F.CrtYd) (width 0.05))
    (fp_line (start 1.68 -0.95) (end 1.68 0.95) (layer F.CrtYd) (width 0.05))
    (fp_line (start 1.68 0.95) (end -1.68 0.95) (layer F.CrtYd) (width 0.05))
    (fp_text user %R (at 0 0 270) (layer F.Fab)
      (effects (font (size 0.5 0.5) (thickness 0.08)))
    )
    (pad 1 smd roundrect (at -0.9375 0 270) (size 0.975 1.4) (layers F.Cu F.Paste F.Mask) (roundrect_rratio 0.25)
      (net 1 "Net-(C1-Pad1)"))
    (pad 2 smd roundrect (at 0.9375 0 270) (size 0.975 1.4) (layers F.Cu F.Paste F.Mask) (roundrect_rratio 0.25)
      (net 2 GND))
    (model ${KISYS3DMOD}/Capacitor_SMD.3dshapes/C_0805_2012Metric.wrl
      (at (xyz 0 0 0))
      (scale (xyz 1 1 1))
      (rotate (xyz 0 0 0))
    )
  )

  (module Capacitor_SMD:C_0805_2012Metric (layer F.Cu) (tedit 5B36C52B) (tstamp 5C656537)
    (at 188.468 31.0665 90)
    (descr "Capacitor SMD 0805 (2012 Metric), square (rectangular) end terminal, IPC_7351 nominal, (Body size source: https://docs.google.com/spreadsheets/d/1BsfQQcO9C6DZCsRaXUlFlo91Tg2WpOkGARC1WS5S8t0/edit?usp=sharing), generated with kicad-footprint-generator")
    (tags capacitor)
    (path /5C6F844C)
    (attr smd)
    (fp_text reference C2 (at 2.4615 0 180) (layer F.SilkS)
      (effects (font (size 1 1) (thickness 0.15)))
    )
    (fp_text value 10nF (at 0 1.65 90) (layer F.Fab)
      (effects (font (size 1 1) (thickness 0.15)))
    )
    (fp_line (start -1 0.6) (end -1 -0.6) (layer F.Fab) (width 0.1))
    (fp_line (start -1 -0.6) (end 1 -0.6) (layer F.Fab) (width 0.1))
    (fp_line (start 1 -0.6) (end 1 0.6) (layer F.Fab) (width 0.1))
    (fp_line (start 1 0.6) (end -1 0.6) (layer F.Fab) (width 0.1))
    (fp_line (start -0.258578 -0.71) (end 0.258578 -0.71) (layer F.SilkS) (width 0.12))
    (fp_line (start -0.258578 0.71) (end 0.258578 0.71) (layer F.SilkS) (width 0.12))
    (fp_line (start -1.68 0.95) (end -1.68 -0.95) (layer F.CrtYd) (width 0.05))
    (fp_line (start -1.68 -0.95) (end 1.68 -0.95) (layer F.CrtYd) (width 0.05))
    (fp_line (start 1.68 -0.95) (end 1.68 0.95) (layer F.CrtYd) (width 0.05))
    (fp_line (start 1.68 0.95) (end -1.68 0.95) (layer F.CrtYd) (width 0.05))
    (fp_text user %R (at 0 0 90) (layer F.Fab)
      (effects (font (size 0.5 0.5) (thickness 0.08)))
    )
    (pad 1 smd roundrect (at -0.9375 0 90) (size 0.975 1.4) (layers F.Cu F.Paste F.Mask) (roundrect_rratio 0.25)
      (net 3 "Net-(C2-Pad1)"))
    (pad 2 smd roundrect (at 0.9375 0 90) (size 0.975 1.4) (layers F.Cu F.Paste F.Mask) (roundrect_rratio 0.25)
      (net 4 "Net-(C2-Pad2)"))
    (model ${KISYS3DMOD}/Capacitor_SMD.3dshapes/C_0805_2012Metric.wrl
      (at (xyz 0 0 0))
      (scale (xyz 1 1 1))
      (rotate (xyz 0 0 0))
    )
  )

  (module Capacitor_SMD:C_0805_2012Metric (layer F.Cu) (tedit 5B36C52B) (tstamp 5C656548)
    (at 206.5505 39.624)
    (descr "Capacitor SMD 0805 (2012 Metric), square (rectangular) end terminal, IPC_7351 nominal, (Body size source: https://docs.google.com/spreadsheets/d/1BsfQQcO9C6DZCsRaXUlFlo91Tg2WpOkGARC1WS5S8t0/edit?usp=sharing), generated with kicad-footprint-generator")
    (tags capacitor)
    (path /5C895A73)
    (attr smd)
    (fp_text reference C3 (at 0 -1.65) (layer F.SilkS)
      (effects (font (size 1 1) (thickness 0.15)))
    )
    (fp_text value 100nF (at 0 1.65) (layer F.Fab)
      (effects (font (size 1 1) (thickness 0.15)))
    )
    (fp_text user %R (at 0 0) (layer F.Fab)
      (effects (font (size 0.5 0.5) (thickness 0.08)))
    )
    (fp_line (start 1.68 0.95) (end -1.68 0.95) (layer F.CrtYd) (width 0.05))
    (fp_line (start 1.68 -0.95) (end 1.68 0.95) (layer F.CrtYd) (width 0.05))
    (fp_line (start -1.68 -0.95) (end 1.68 -0.95) (layer F.CrtYd) (width 0.05))
    (fp_line (start -1.68 0.95) (end -1.68 -0.95) (layer F.CrtYd) (width 0.05))
    (fp_line (start -0.258578 0.71) (end 0.258578 0.71) (layer F.SilkS) (width 0.12))
    (fp_line (start -0.258578 -0.71) (end 0.258578 -0.71) (layer F.SilkS) (width 0.12))
    (fp_line (start 1 0.6) (end -1 0.6) (layer F.Fab) (width 0.1))
    (fp_line (start 1 -0.6) (end 1 0.6) (layer F.Fab) (width 0.1))
    (fp_line (start -1 -0.6) (end 1 -0.6) (layer F.Fab) (width 0.1))
    (fp_line (start -1 0.6) (end -1 -0.6) (layer F.Fab) (width 0.1))
    (pad 2 smd roundrect (at 0.9375 0) (size 0.975 1.4) (layers F.Cu F.Paste F.Mask) (roundrect_rratio 0.25)
      (net 2 GND))
    (pad 1 smd roundrect (at -0.9375 0) (size 0.975 1.4) (layers F.Cu F.Paste F.Mask) (roundrect_rratio 0.25)
      (net 5 "Net-(C3-Pad1)"))
    (model ${KISYS3DMOD}/Capacitor_SMD.3dshapes/C_0805_2012Metric.wrl
      (at (xyz 0 0 0))
      (scale (xyz 1 1 1))
      (rotate (xyz 0 0 0))
    )
  )

  (module Capacitor_SMD:C_0805_2012Metric (layer F.Cu) (tedit 5B36C52B) (tstamp 5C656559)
    (at 193.548 35.1305 90)
    (descr "Capacitor SMD 0805 (2012 Metric), square (rectangular) end terminal, IPC_7351 nominal, (Body size source: https://docs.google.com/spreadsheets/d/1BsfQQcO9C6DZCsRaXUlFlo91Tg2WpOkGARC1WS5S8t0/edit?usp=sharing), generated with kicad-footprint-generator")
    (tags capacitor)
    (path /5C6BD3A9)
    (attr smd)
    (fp_text reference C4 (at 2.6185 0 180) (layer F.SilkS)
      (effects (font (size 1 1) (thickness 0.15)))
    )
    (fp_text value 10nF (at 0 1.65 90) (layer F.Fab)
      (effects (font (size 1 1) (thickness 0.15)))
    )
    (fp_text user %R (at 0 0 90) (layer F.Fab)
      (effects (font (size 0.5 0.5) (thickness 0.08)))
    )
    (fp_line (start 1.68 0.95) (end -1.68 0.95) (layer F.CrtYd) (width 0.05))
    (fp_line (start 1.68 -0.95) (end 1.68 0.95) (layer F.CrtYd) (width 0.05))
    (fp_line (start -1.68 -0.95) (end 1.68 -0.95) (layer F.CrtYd) (width 0.05))
    (fp_line (start -1.68 0.95) (end -1.68 -0.95) (layer F.CrtYd) (width 0.05))
    (fp_line (start -0.258578 0.71) (end 0.258578 0.71) (layer F.SilkS) (width 0.12))
    (fp_line (start -0.258578 -0.71) (end 0.258578 -0.71) (layer F.SilkS) (width 0.12))
    (fp_line (start 1 0.6) (end -1 0.6) (layer F.Fab) (width 0.1))
    (fp_line (start 1 -0.6) (end 1 0.6) (layer F.Fab) (width 0.1))
    (fp_line (start -1 -0.6) (end 1 -0.6) (layer F.Fab) (width 0.1))
    (fp_line (start -1 0.6) (end -1 -0.6) (layer F.Fab) (width 0.1))
    (pad 2 smd roundrect (at 0.9375 0 90) (size 0.975 1.4) (layers F.Cu F.Paste F.Mask) (roundrect_rratio 0.25)
      (net 3 "Net-(C2-Pad1)"))
    (pad 1 smd roundrect (at -0.9375 0 90) (size 0.975 1.4) (layers F.Cu F.Paste F.Mask) (roundrect_rratio 0.25)
      (net 6 "Net-(C4-Pad1)"))
    (model ${KISYS3DMOD}/Capacitor_SMD.3dshapes/C_0805_2012Metric.wrl
      (at (xyz 0 0 0))
      (scale (xyz 1 1 1))
      (rotate (xyz 0 0 0))
    )
  )

  (module Capacitor_SMD:C_0805_2012Metric (layer F.Cu) (tedit 5B36C52B) (tstamp 5C65656A)
    (at 193.548 39.0375 90)
    (descr "Capacitor SMD 0805 (2012 Metric), square (rectangular) end terminal, IPC_7351 nominal, (Body size source: https://docs.google.com/spreadsheets/d/1BsfQQcO9C6DZCsRaXUlFlo91Tg2WpOkGARC1WS5S8t0/edit?usp=sharing), generated with kicad-footprint-generator")
    (tags capacitor)
    (path /5C681FB0)
    (attr smd)
    (fp_text reference C5 (at 0 2.032 270) (layer F.SilkS)
      (effects (font (size 1 1) (thickness 0.15)))
    )
    (fp_text value 10nF (at 0 1.65 90) (layer F.Fab)
      (effects (font (size 1 1) (thickness 0.15)))
    )
    (fp_line (start -1 0.6) (end -1 -0.6) (layer F.Fab) (width 0.1))
    (fp_line (start -1 -0.6) (end 1 -0.6) (layer F.Fab) (width 0.1))
    (fp_line (start 1 -0.6) (end 1 0.6) (layer F.Fab) (width 0.1))
    (fp_line (start 1 0.6) (end -1 0.6) (layer F.Fab) (width 0.1))
    (fp_line (start -0.258578 -0.71) (end 0.258578 -0.71) (layer F.SilkS) (width 0.12))
    (fp_line (start -0.258578 0.71) (end 0.258578 0.71) (layer F.SilkS) (width 0.12))
    (fp_line (start -1.68 0.95) (end -1.68 -0.95) (layer F.CrtYd) (width 0.05))
    (fp_line (start -1.68 -0.95) (end 1.68 -0.95) (layer F.CrtYd) (width 0.05))
    (fp_line (start 1.68 -0.95) (end 1.68 0.95) (layer F.CrtYd) (width 0.05))
    (fp_line (start 1.68 0.95) (end -1.68 0.95) (layer F.CrtYd) (width 0.05))
    (fp_text user %R (at 0 0 90) (layer F.Fab)
      (effects (font (size 0.5 0.5) (thickness 0.08)))
    )
    (pad 1 smd roundrect (at -0.9375 0 90) (size 0.975 1.4) (layers F.Cu F.Paste F.Mask) (roundrect_rratio 0.25)
      (net 7 "Net-(C5-Pad1)"))
    (pad 2 smd roundrect (at 0.9375 0 90) (size 0.975 1.4) (layers F.Cu F.Paste F.Mask) (roundrect_rratio 0.25)
      (net 6 "Net-(C4-Pad1)"))
    (model ${KISYS3DMOD}/Capacitor_SMD.3dshapes/C_0805_2012Metric.wrl
      (at (xyz 0 0 0))
      (scale (xyz 1 1 1))
      (rotate (xyz 0 0 0))
    )
  )

  (module Capacitor_SMD:C_0805_2012Metric (layer F.Cu) (tedit 5B36C52B) (tstamp 5C65657B)
    (at 193.548 42.5935 90)
    (descr "Capacitor SMD 0805 (2012 Metric), square (rectangular) end terminal, IPC_7351 nominal, (Body size source: https://docs.google.com/spreadsheets/d/1BsfQQcO9C6DZCsRaXUlFlo91Tg2WpOkGARC1WS5S8t0/edit?usp=sharing), generated with kicad-footprint-generator")
    (tags capacitor)
    (path /5C659B64)
    (attr smd)
    (fp_text reference C6 (at 0 2.032 270) (layer F.SilkS)
      (effects (font (size 1 1) (thickness 0.15)))
    )
    (fp_text value 10nF (at 0 1.65 90) (layer F.Fab)
      (effects (font (size 1 1) (thickness 0.15)))
    )
    (fp_text user %R (at 0 0 90) (layer F.Fab)
      (effects (font (size 0.5 0.5) (thickness 0.08)))
    )
    (fp_line (start 1.68 0.95) (end -1.68 0.95) (layer F.CrtYd) (width 0.05))
    (fp_line (start 1.68 -0.95) (end 1.68 0.95) (layer F.CrtYd) (width 0.05))
    (fp_line (start -1.68 -0.95) (end 1.68 -0.95) (layer F.CrtYd) (width 0.05))
    (fp_line (start -1.68 0.95) (end -1.68 -0.95) (layer F.CrtYd) (width 0.05))
    (fp_line (start -0.258578 0.71) (end 0.258578 0.71) (layer F.SilkS) (width 0.12))
    (fp_line (start -0.258578 -0.71) (end 0.258578 -0.71) (layer F.SilkS) (width 0.12))
    (fp_line (start 1 0.6) (end -1 0.6) (layer F.Fab) (width 0.1))
    (fp_line (start 1 -0.6) (end 1 0.6) (layer F.Fab) (width 0.1))
    (fp_line (start -1 -0.6) (end 1 -0.6) (layer F.Fab) (width 0.1))
    (fp_line (start -1 0.6) (end -1 -0.6) (layer F.Fab) (width 0.1))
    (pad 2 smd roundrect (at 0.9375 0 90) (size 0.975 1.4) (layers F.Cu F.Paste F.Mask) (roundrect_rratio 0.25)
      (net 7 "Net-(C5-Pad1)"))
    (pad 1 smd roundrect (at -0.9375 0 90) (size 0.975 1.4) (layers F.Cu F.Paste F.Mask) (roundrect_rratio 0.25)
      (net 8 "Net-(C6-Pad1)"))
    (model ${KISYS3DMOD}/Capacitor_SMD.3dshapes/C_0805_2012Metric.wrl
      (at (xyz 0 0 0))
      (scale (xyz 1 1 1))
      (rotate (xyz 0 0 0))
    )
  )

  (module Capacitor_SMD:C_0805_2012Metric (layer F.Cu) (tedit 5B36C52B) (tstamp 5C65658C)
    (at 193.548 46.3065 90)
    (descr "Capacitor SMD 0805 (2012 Metric), square (rectangular) end terminal, IPC_7351 nominal, (Body size source: https://docs.google.com/spreadsheets/d/1BsfQQcO9C6DZCsRaXUlFlo91Tg2WpOkGARC1WS5S8t0/edit?usp=sharing), generated with kicad-footprint-generator")
    (tags capacitor)
    (path /5C63A629)
    (attr smd)
    (fp_text reference C7 (at 0 -1.65 90) (layer F.SilkS)
      (effects (font (size 1 1) (thickness 0.15)))
    )
    (fp_text value 10nF (at 0 1.65 90) (layer F.Fab)
      (effects (font (size 1 1) (thickness 0.15)))
    )
    (fp_line (start -1 0.6) (end -1 -0.6) (layer F.Fab) (width 0.1))
    (fp_line (start -1 -0.6) (end 1 -0.6) (layer F.Fab) (width 0.1))
    (fp_line (start 1 -0.6) (end 1 0.6) (layer F.Fab) (width 0.1))
    (fp_line (start 1 0.6) (end -1 0.6) (layer F.Fab) (width 0.1))
    (fp_line (start -0.258578 -0.71) (end 0.258578 -0.71) (layer F.SilkS) (width 0.12))
    (fp_line (start -0.258578 0.71) (end 0.258578 0.71) (layer F.SilkS) (width 0.12))
    (fp_line (start -1.68 0.95) (end -1.68 -0.95) (layer F.CrtYd) (width 0.05))
    (fp_line (start -1.68 -0.95) (end 1.68 -0.95) (layer F.CrtYd) (width 0.05))
    (fp_line (start 1.68 -0.95) (end 1.68 0.95) (layer F.CrtYd) (width 0.05))
    (fp_line (start 1.68 0.95) (end -1.68 0.95) (layer F.CrtYd) (width 0.05))
    (fp_text user %R (at 0 0 90) (layer F.Fab)
      (effects (font (size 0.5 0.5) (thickness 0.08)))
    )
    (pad 1 smd roundrect (at -0.9375 0 90) (size 0.975 1.4) (layers F.Cu F.Paste F.Mask) (roundrect_rratio 0.25)
      (net 9 "Net-(C11-Pad2)"))
    (pad 2 smd roundrect (at 0.9375 0 90) (size 0.975 1.4) (layers F.Cu F.Paste F.Mask) (roundrect_rratio 0.25)
      (net 8 "Net-(C6-Pad1)"))
    (model ${KISYS3DMOD}/Capacitor_SMD.3dshapes/C_0805_2012Metric.wrl
      (at (xyz 0 0 0))
      (scale (xyz 1 1 1))
      (rotate (xyz 0 0 0))
    )
  )

  (module Capacitor_SMD:C_0805_2012Metric (layer F.Cu) (tedit 5B36C52B) (tstamp 5C65659D)
    (at 214.8055 53.34)
    (descr "Capacitor SMD 0805 (2012 Metric), square (rectangular) end terminal, IPC_7351 nominal, (Body size source: https://docs.google.com/spreadsheets/d/1BsfQQcO9C6DZCsRaXUlFlo91Tg2WpOkGARC1WS5S8t0/edit?usp=sharing), generated with kicad-footprint-generator")
    (tags capacitor)
    (path /5C9A8829)
    (attr smd)
    (fp_text reference C8 (at 3.1265 0) (layer F.SilkS)
      (effects (font (size 1 1) (thickness 0.15)))
    )
    (fp_text value 10u (at 0 1.65) (layer F.Fab)
      (effects (font (size 1 1) (thickness 0.15)))
    )
    (fp_text user %R (at 0 0) (layer F.Fab)
      (effects (font (size 0.5 0.5) (thickness 0.08)))
    )
    (fp_line (start 1.68 0.95) (end -1.68 0.95) (layer F.CrtYd) (width 0.05))
    (fp_line (start 1.68 -0.95) (end 1.68 0.95) (layer F.CrtYd) (width 0.05))
    (fp_line (start -1.68 -0.95) (end 1.68 -0.95) (layer F.CrtYd) (width 0.05))
    (fp_line (start -1.68 0.95) (end -1.68 -0.95) (layer F.CrtYd) (width 0.05))
    (fp_line (start -0.258578 0.71) (end 0.258578 0.71) (layer F.SilkS) (width 0.12))
    (fp_line (start -0.258578 -0.71) (end 0.258578 -0.71) (layer F.SilkS) (width 0.12))
    (fp_line (start 1 0.6) (end -1 0.6) (layer F.Fab) (width 0.1))
    (fp_line (start 1 -0.6) (end 1 0.6) (layer F.Fab) (width 0.1))
    (fp_line (start -1 -0.6) (end 1 -0.6) (layer F.Fab) (width 0.1))
    (fp_line (start -1 0.6) (end -1 -0.6) (layer F.Fab) (width 0.1))
    (pad 2 smd roundrect (at 0.9375 0) (size 0.975 1.4) (layers F.Cu F.Paste F.Mask) (roundrect_rratio 0.25)
      (net 2 GND))
    (pad 1 smd roundrect (at -0.9375 0) (size 0.975 1.4) (layers F.Cu F.Paste F.Mask) (roundrect_rratio 0.25)
      (net 10 "Net-(C8-Pad1)"))
    (model ${KISYS3DMOD}/Capacitor_SMD.3dshapes/C_0805_2012Metric.wrl
      (at (xyz 0 0 0))
      (scale (xyz 1 1 1))
      (rotate (xyz 0 0 0))
    )
  )

  (module Capacitor_SMD:C_0805_2012Metric (layer F.Cu) (tedit 5B36C52B) (tstamp 5C6565AE)
    (at 214.8055 51.308)
    (descr "Capacitor SMD 0805 (2012 Metric), square (rectangular) end terminal, IPC_7351 nominal, (Body size source: https://docs.google.com/spreadsheets/d/1BsfQQcO9C6DZCsRaXUlFlo91Tg2WpOkGARC1WS5S8t0/edit?usp=sharing), generated with kicad-footprint-generator")
    (tags capacitor)
    (path /5C9A89DC)
    (attr smd)
    (fp_text reference C9 (at 3.1265 0) (layer F.SilkS)
      (effects (font (size 1 1) (thickness 0.15)))
    )
    (fp_text value 10u (at 0 1.65) (layer F.Fab)
      (effects (font (size 1 1) (thickness 0.15)))
    )
    (fp_line (start -1 0.6) (end -1 -0.6) (layer F.Fab) (width 0.1))
    (fp_line (start -1 -0.6) (end 1 -0.6) (layer F.Fab) (width 0.1))
    (fp_line (start 1 -0.6) (end 1 0.6) (layer F.Fab) (width 0.1))
    (fp_line (start 1 0.6) (end -1 0.6) (layer F.Fab) (width 0.1))
    (fp_line (start -0.258578 -0.71) (end 0.258578 -0.71) (layer F.SilkS) (width 0.12))
    (fp_line (start -0.258578 0.71) (end 0.258578 0.71) (layer F.SilkS) (width 0.12))
    (fp_line (start -1.68 0.95) (end -1.68 -0.95) (layer F.CrtYd) (width 0.05))
    (fp_line (start -1.68 -0.95) (end 1.68 -0.95) (layer F.CrtYd) (width 0.05))
    (fp_line (start 1.68 -0.95) (end 1.68 0.95) (layer F.CrtYd) (width 0.05))
    (fp_line (start 1.68 0.95) (end -1.68 0.95) (layer F.CrtYd) (width 0.05))
    (fp_text user %R (at 0 0) (layer F.Fab)
      (effects (font (size 0.5 0.5) (thickness 0.08)))
    )
    (pad 1 smd roundrect (at -0.9375 0) (size 0.975 1.4) (layers F.Cu F.Paste F.Mask) (roundrect_rratio 0.25)
      (net 11 "Net-(C9-Pad1)"))
    (pad 2 smd roundrect (at 0.9375 0) (size 0.975 1.4) (layers F.Cu F.Paste F.Mask) (roundrect_rratio 0.25)
      (net 2 GND))
    (model ${KISYS3DMOD}/Capacitor_SMD.3dshapes/C_0805_2012Metric.wrl
      (at (xyz 0 0 0))
      (scale (xyz 1 1 1))
      (rotate (xyz 0 0 0))
    )
  )

  (module Capacitor_SMD:C_0805_2012Metric (layer F.Cu) (tedit 5B36C52B) (tstamp 5C65F8D8)
    (at 214.8055 49.276)
    (descr "Capacitor SMD 0805 (2012 Metric), square (rectangular) end terminal, IPC_7351 nominal, (Body size source: https://docs.google.com/spreadsheets/d/1BsfQQcO9C6DZCsRaXUlFlo91Tg2WpOkGARC1WS5S8t0/edit?usp=sharing), generated with kicad-footprint-generator")
    (tags capacitor)
    (path /5C9A8A80)
    (attr smd)
    (fp_text reference C10 (at 3.1265 0) (layer F.SilkS)
      (effects (font (size 1 1) (thickness 0.15)))
    )
    (fp_text value 10u (at 0 1.65) (layer F.Fab)
      (effects (font (size 1 1) (thickness 0.15)))
    )
    (fp_text user %R (at 0 0) (layer F.Fab)
      (effects (font (size 0.5 0.5) (thickness 0.08)))
    )
    (fp_line (start 1.68 0.95) (end -1.68 0.95) (layer F.CrtYd) (width 0.05))
    (fp_line (start 1.68 -0.95) (end 1.68 0.95) (layer F.CrtYd) (width 0.05))
    (fp_line (start -1.68 -0.95) (end 1.68 -0.95) (layer F.CrtYd) (width 0.05))
    (fp_line (start -1.68 0.95) (end -1.68 -0.95) (layer F.CrtYd) (width 0.05))
    (fp_line (start -0.258578 0.71) (end 0.258578 0.71) (layer F.SilkS) (width 0.12))
    (fp_line (start -0.258578 -0.71) (end 0.258578 -0.71) (layer F.SilkS) (width 0.12))
    (fp_line (start 1 0.6) (end -1 0.6) (layer F.Fab) (width 0.1))
    (fp_line (start 1 -0.6) (end 1 0.6) (layer F.Fab) (width 0.1))
    (fp_line (start -1 -0.6) (end 1 -0.6) (layer F.Fab) (width 0.1))
    (fp_line (start -1 0.6) (end -1 -0.6) (layer F.Fab) (width 0.1))
    (pad 2 smd roundrect (at 0.9375 0) (size 0.975 1.4) (layers F.Cu F.Paste F.Mask) (roundrect_rratio 0.25)
      (net 2 GND))
    (pad 1 smd roundrect (at -0.9375 0) (size 0.975 1.4) (layers F.Cu F.Paste F.Mask) (roundrect_rratio 0.25)
      (net 12 /VREG))
    (model ${KISYS3DMOD}/Capacitor_SMD.3dshapes/C_0805_2012Metric.wrl
      (at (xyz 0 0 0))
      (scale (xyz 1 1 1))
      (rotate (xyz 0 0 0))
    )
  )

  (module Capacitor_SMD:C_0805_2012Metric (layer F.Cu) (tedit 5B36C52B) (tstamp 5C6565D0)
    (at 193.548 52.9105 90)
    (descr "Capacitor SMD 0805 (2012 Metric), square (rectangular) end terminal, IPC_7351 nominal, (Body size source: https://docs.google.com/spreadsheets/d/1BsfQQcO9C6DZCsRaXUlFlo91Tg2WpOkGARC1WS5S8t0/edit?usp=sharing), generated with kicad-footprint-generator")
    (tags capacitor)
    (path /5C621F69)
    (attr smd)
    (fp_text reference C11 (at 0.0785 2.032 270) (layer F.SilkS)
      (effects (font (size 1 1) (thickness 0.15)))
    )
    (fp_text value 10nF (at 0 1.65 90) (layer F.Fab)
      (effects (font (size 1 1) (thickness 0.15)))
    )
    (fp_line (start -1 0.6) (end -1 -0.6) (layer F.Fab) (width 0.1))
    (fp_line (start -1 -0.6) (end 1 -0.6) (layer F.Fab) (width 0.1))
    (fp_line (start 1 -0.6) (end 1 0.6) (layer F.Fab) (width 0.1))
    (fp_line (start 1 0.6) (end -1 0.6) (layer F.Fab) (width 0.1))
    (fp_line (start -0.258578 -0.71) (end 0.258578 -0.71) (layer F.SilkS) (width 0.12))
